0
0
0
0
571
0
0
0
0
0
0
1267
4095
2310
0
0
202
0
0
0
0
0
0
0
0
0
549
0
0
0
0
0
0
1245
4095
2257
0
6
36
0
0
0
0
0
0
567
0
0
0
0
0
0
0
0
0
4095
4095
1560
0
77
199
0
0
0
0
0
0
1430
0
0
0
0
0
0
0
0
4
4095
4095
467
0
29
395
0
0
0
0
0
0
1962
0
0
0
0
0
0
0
0
35
4095
0
925
0
52
394
0
0
0
0
0
2
1384
526
0
0
0
0
0
0
0
0
4095
0
0
0
62
576
0
0
0
0
0
1624
1425
559
0
0
0
0
0
0
0
0
2490
0
0
459
43
0
0
0
0
0
0
1588
1393
553
0
0
0
0
0
0
0
218
1955
0
0
627
31
0
0
0
0
0
0
4095
1338
0
0
0
0
0
0
0
0
169
0
0
0
696
3
0
0
0
0
0
0
0
1392
0
0
0
0
0
0
0
0
0
0
0
0
1054
0
0
0
0
0
0
0
2183
1430
158
0
0
0
0
0
0
1931
0
0
0
1012
213
0
0
0
0
0
0
0
2370
552
396
0
0
0
0
0
0
2594
0
0
0
1003
255
0
0
0
0
0
0
0
2384
0
416
0
0
0
0
965
0
4095
0
0
0
983
200
0
0
0
0
0
0
0
2613
0
0
0
0
0
0
1373
0
0
0
0
1163
463
127
0
0
0
0
0
0
0
0
174
0
0
0
0
0
0
1243
1887
0
0
1176
312
122
0
0
0
0
0
0
916
0
161
0
0
0
0
45
0
1255
1952
0
0
961
124
236
0
0
0
0
0
0
672
0
65
0
0
0
0
45
0
1280
1665
0
0
941
7
0
0
0
0
0
0
0
0
0
0
0
0
0
0
0
724
1282
1266
0
0
1078
3
0
0
0
0
2
0
0
0
0
0
0
0
0
0
0
1169
1274
0
0
0
887
12
0
0
0
0
33
0
0
0
0
0
0
0
0
55
0
1177
636
0
0
0
667
350
0
0
0
0
0
0
0
0
0
0
0
0
0
0
0
1454
0
0
0
0
649
762
0
0
0
45
0
0
0
0
0
0
0
0
0
0
0
0
0
0
1190
0
32
0
0
0
0
87
0
0
0
0
0
0
0
0
0
0
0
0
0
0
364
0
0
0
0
0
0
85
0
0
0
0
0
0
0
0
0
0
0
0
0
0
549
0
1
0
0
0
0
61
0
0
0
0
0
0
0
0
32
0
0
0
0
53
0
0
0
0
0
0
0
0
0
0
0
0
0
0
0
0
0
0
0
0
0
0
0
0
0
0
0
0
0
0
0
0
0
0
0
0
0
0
0
0
0
0
0
0
0
0
0
0
0
0
0
0
0
0
0
0
0
0
0
0
0
0
0
0
0
0
0
0
0
0
0
0
0
0
0
0
0
0
0
0
0
0
0
0
0
0
0
0
0
0
0
0
0
0
0
0
0
0
0
0
0
0
0
6
0
0
0
0
0
0
0
0
0
0
0
0
0
0
0
4095
0
0
0
0
0
103
0
0
0
0
0
0
0
0
0
0
0
0
0
0
0
4095
0
0
0
0
0
128
0
0
0
0
0
0
0
0
0
0
0
0
0
0
4095
0
0
0
0
0
0
118
0
0
0
0
0
0
0
0
0
0
0
0
0
0
4095
0
0
0
0
0
0
0
0
0
0
0
0
0
0
0
0
0
0
0
0
0
4095
0
0
0
0
0
99
0
0
0
0
0
0
0
0
0
0
0
0
0
0
0
0
0
0
0
0
0
17
0
0
0
0
0
0
0
0
0
0
0
0
0
0
0
0
0
0
0
0
0
0
0
0
0
0
0
0
0
0
0
0
0
0
0
0
0
0
0
0
0
0
39
0
0
0
0
0
0
0
0
0
0
0
0
0
0
0
0
0
0
0
0
0
42
0
0
0
0
0
0
0
0
0
0
0
0
0
0
0
0
0
0
0
0
0
0
0
0
0
0
0
0
0
0
0
0
0
34
0
0
0
0
4095
4095
0
0
128
0
0
0
0
0
0
0
0
0
0
0
0
38
0
0
0
4095
4095
1145
0
0
142
0
0
0
0
0
0
0
0
0
0
0
0
925
0
0
0
4095
1043
1095
0
0
436
277
0
0
0
0
0
0
0
0
0
0
47
889
0
0
0
4095
1042
1117
0
0
121
721
0
0
0
0
0
0
0
0
0
0
119
0
0
0
2191
4095
1027
688
0
0
1466
0
0
0
0
0
0
0
0
0
0
0
108
0
0
0
2232
4095
1033
4095
0
0
2604
0
0
0
0
0
0
0
0
0
0
0
845
0
0
875
1351
4095
1020
0
0
0
2136
0
0
0
0
0
0
0
0
0
0
0
593
0
0
2358
1383
4095
2316
2687
704
0
1082
0
0
0
0
0
0
0
0
0
0
0
0
0
0
3836
1392
4095
4095
2323
745
1122
606
0
0
0
0
0
0
0
0
0
0
0
0
0
0
3826
1392
4095
4095
1144
1383
1080
0
0
0
0
0
0
0
3019
0
0
14
0
0
0
0
3875
1395
4095
4095
117
0
1101
0
0
0
0
0
0
0
2661
0
0
3
0
0
0
0
3768
1345
4095
4095
0
633
864
0
0
0
0
0
0
0
3674
0
0
2
0
0
0
0
4095
1362
4095
0
0
1205
0
0
0
0
0
0
0
0
3690
0
0
0
0
0
0
4095
287
1359
4095
0
0
3039
0
0
0
0
0
0
0
827
3660
0
0
0
0
0
0
4095
262
1395
3672
0
0
0
0
0
0
0
0
0
0
1386
1811
1933
0
0
0
0
0
4095
257
1398
1871
0
0
0
0
0
0
0
0
0
0
2777
1852
1956
0
0
0
0
0
4095
255
1372
3450
0
0
0
0
0
0
0
0
0
0
0
1771
711
0
0
0
0
0
4095
261
1362
0
0
0
0
0
0
0
0
0
0
0
1369
1800
0
0
0
0
0
0
4095
288
2869
0
0
0
0
0
0
0
0
0
0
0
1397
1089
0
0
0
4095
0
2308
1078
278
2245
0
0
0
0
0
0
0
0
0
0
0
1406
0
0
0
0
4095
0
2267
1075
280
1879
0
0
0
2875
0
0
0
0
0
0
0
1394
0
0
0
0
4095
0
2293
1097
287
1177
0
0
0
895
0
0
0
0
0
0
0
582
0
0
0
0
4095
0
2244
1124
279
1483
0
0
0
1144
0
0
0
0
0
0
0
0
0
0
0
0
0
4095
2258
1138
282
0
0
0
1205
0
0
0
0
0
0
0
0
0
0
0
0
0
0
4095
2198
1091
514
0
1322
0
0
0
0
0
0
0
0
0
0
408
0
0
0
0
0
4095
2335
1090
532
0
880
0
0
0
0
0
0
0
0
0
0
414
0
0
0
0
0
4095
2277
1089
265
0
523
0
0
0
0
0
0
0
0
0
0
165
0
0
0
0
0
4095
2275
1079
0
274
166
0
0
0
0
0
0
0
0
0
0
0
0
0
0
0
0
4095
2261
1053
0
277
366
0
0
0
0
0
0
0
0
0
20
0
0
0
0
0
1265
4095
2274
1083
0
271
196
0
0
0
0
0
0
0
0
0
17
0
0
0
0
0
1275
4095
2316
1059
0
270
173
0
0
0
0
0
0
0
0
0
0
0
0
0
0
0
1293
4095
2346
399
0
241
65
0
0
0
0
0
0
0
0
0
0
0
0
0
0
0
1271
4095
2281
0
0
144
22
0
0
0
0
