57
0
0
15
24
24
0
22
23
23
37
25
20
30
83
0
25
43
198
134
25
89
88
60
0
43
55
0
0
40
64
25
27
31
25
0
50
121
0
27
27
25
24
24
0
48
60
31
0
31
103
62
0
95
27
18
479
318
25
40
24
0
120
0
0
378
32
155
95
148
0
168
96
86
37
3
15
277
136
0
164
0
3
13
24
65
30
0
245
100
25
44
176
32
0
419
39
107
0
0
0
108
25
55
17
75
75
331
438
135
0
-1
254
0
208
116
209
-7
176
51
165
27
33
33
0
0
33
125
169
29
60
123
17
99
70
34
128
63
59
28
78
121
0
394
-1
39
589
-3
80
69
190
242
631
0
0
0
0
1
62
55
67
46
223
254
3
