0
0
571
571
0
0
0
0
0
0
0
0
0
0
0
0
0
0
0
0
0
0
0
0
549
549
0
0
0
0
0
0
0
0
0
0
0
0
0
0
0
0
0
0
0
0
0
0
0
0
0
0
0
0
0
0
0
0
0
0
0
0
0
0
0
0
0
0
0
0
0
0
0
0
0
0
0
0
0
0
0
0
0
0
0
0
0
0
1
0
0
0
0
0
0
0
0
0
0
0
0
0
0
0
0
0
0
0
0
1
0
0
0
0
0
0
0
0
0
0
0
0
0
0
0
0
0
0
0
0
0
2
0
0
0
0
0
0
0
0
0
0
163
0
0
459
0
0
0
0
0
0
1
5
0
0
0
0
0
0
0
0
0
40
0
0
0
483
0
0
0
0
0
0
4
6
0
0
0
0
0
0
0
0
0
93
0
0
0
438
0
0
0
0
0
0
22
986
0
0
0
0
0
0
0
0
0
0
0
0
584
1043
0
0
0
0
0
0
0
0
0
0
0
0
0
0
0
0
127
104
0
0
563
0
0
0
0
0
0
0
8
567
0
0
0
0
0
0
0
0
90
0
0
0
539
0
0
0
0
0
0
0
171
758
0
0
0
0
0
0
0
0
0
0
0
0
545
0
0
0
0
0
0
0
165
727
0
0
0
0
0
0
0
0
0
0
0
617
0
0
0
0
0
0
0
426
429
990
0
0
0
0
0
0
0
0
0
0
0
611
0
0
0
0
0
0
0
353
354
0
0
0
0
0
0
0
0
0
0
0
0
616
0
0
0
0
0
0
0
0
3
0
0
0
0
0
0
0
0
0
0
0
0
569
0
0
0
0
0
0
0
0
0
0
0
0
0
0
0
0
0
0
0
0
0
613
0
0
0
0
0
0
0
0
0
0
0
0
0
0
0
0
0
0
0
0
0
577
0
0
0
0
0
0
0
0
0
0
0
0
0
0
0
0
0
0
0
0
0
578
0
0
0
0
0
0
0
0
0
0
0
0
0
0
0
0
0
0
0
0
0
597
0
0
0
0
0
0
0
0
0
0
0
0
0
0
0
0
0
0
0
0
636
0
0
0
0
0
0
0
0
0
0
0
0
0
0
0
0
0
0
0
0
0
0
0
0
0
0
0
0
0
0
0
0
0
0
0
0
0
0
0
0
0
0
0
0
0
0
0
0
0
0
0
0
0
0
0
0
0
0
0
0
0
0
0
0
0
0
0
0
0
0
0
0
0
0
0
0
0
0
0
0
0
0
0
0
0
0
0
0
0
0
0
0
0
0
0
0
0
0
0
0
0
0
0
0
0
0
0
0
0
0
0
0
0
0
0
0
0
0
0
0
0
0
0
0
0
0
0
0
0
0
0
0
0
0
0
0
0
0
0
0
0
0
0
0
0
0
0
0
0
0
0
0
0
0
0
0
0
0
0
0
0
0
780
0
0
0
0
0
0
0
0
0
0
0
0
0
0
0
0
0
0
0
0
685
2078
0
0
0
0
0
0
0
0
0
0
0
0
0
0
0
0
0
0
0
0
2375
0
0
0
0
0
0
0
0
0
0
0
0
0
0
0
0
0
0
0
0
0
0
0
0
0
0
0
0
0
0
0
0
0
0
0
0
0
0
0
0
0
0
896
0
0
0
0
0
0
0
0
0
0
0
0
0
0
0
0
0
0
0
0
192
1777
0
0
0
0
0
0
0
0
0
0
0
0
0
0
0
0
0
0
0
0
0
0
0
0
0
0
0
0
0
0
0
0
0
0
0
0
0
0
0
0
0
0
0
0
0
0
0
0
0
0
0
0
0
0
0
0
0
0
0
0
0
1
0
0
0
0
0
0
0
0
0
0
0
0
0
0
0
0
0
0
0
0
0
1
0
0
0
0
0
1436
0
0
0
0
0
0
0
0
0
0
0
0
0
0
0
1
0
0
327
513
593
2829
0
0
0
0
0
0
0
0
0
0
0
0
0
0
0
1
0
0
1555
3315
1179
3558
0
0
0
0
0
0
0
0
0
0
0
0
0
0
0
0
0
0
1927
0
0
0
0
0
0
0
0
0
0
0
0
0
0
0
0
0
0
0
0
0
1904
0
0
0
0
36
0
0
0
0
0
0
0
0
0
1
1
1
0
0
0
0
1363
0
0
0
0
68
0
0
0
0
0
0
0
0
0
4
4
4
0
0
0
880
0
0
0
0
0
66
0
0
0
0
0
0
0
0
0
2
2
2
0
0
0
892
0
0
0
0
0
1169
0
0
0
0
0
0
0
0
0
3
756
756
0
0
0
0
0
0
0
0
0
1125
0
0
0
0
0
0
0
0
0
3
593
593
0
0
1519
0
0
0
0
0
198
1082
0
0
0
0
0
0
0
0
0
0
0
0
0
0
3547
0
0
0
0
0
0
0
0
0
0
0
0
0
0
0
0
5
0
0
0
0
3548
0
0
0
0
0
0
0
0
0
0
0
0
0
0
0
1133
25
0
0
0
0
3597
0
0
0
0
0
0
0
0
0
0
0
0
0
0
0
0
3
0
0
0
0
3516
0
0
0
0
0
0
0
0
0
0
0
0
0
0
0
0
2
0
0
0
2470
3969
0
0
0
0
565
0
0
0
0
0
0
0
0
0
0
0
0
0
0
0
2845
0
0
0
0
0
1082
0
0
0
0
0
0
0
0
0
0
0
0
0
0
0
3584
0
0
0
0
0
0
0
0
0
0
0
0
0
0
0
0
0
0
0
0
1207
3735
0
0
0
0
0
0
0
0
0
0
0
0
0
0
0
0
0
0
0
0
2144
3841
0
0
0
0
0
0
0
0
0
0
0
0
0
0
0
0
0
0
0
0
2128
3839
0
0
0
0
0
0
0
0
0
0
0
0
0
0
0
0
0
0
0
0
2559
3777
0
0
0
0
0
0
450
0
0
0
0
0
0
0
0
0
0
0
0
1191
0
0
0
0
0
0
0
0
918
0
0
0
0
0
0
0
0
0
0
0
0
0
0
0
0
0
0
0
0
1620
1383
0
0
0
0
0
0
0
0
0
0
0
0
0
0
0
0
0
0
0
0
569
0
0
0
0
0
0
0
0
0
0
0
0
0
0
0
0
0
0
0
0
0
550
0
0
0
0
0
0
0
0
0
0
0
0
0
0
0
0
0
0
0
0
465
0
0
0
0
0
0
0
0
0
0
0
0
0
0
2139
0
0
0
0
0
422
0
0
0
0
0
0
0
0
0
0
0
0
0
0
0
2108
0
0
0
0
0
0
0
0
0
0
0
0
0
0
0
0
0
0
0
0
0
2096
0
0
0
0
0
0
0
0
0
0
0
0
0
0
0
0
0
0
0
0
0
2134
0
0
0
0
0
0
0
0
0
0
0
0
0
0
0
0
0
0
0
0
0
2124
0
0
0
0
0
0
0
0
0
0
0
0
0
0
0
0
0
0
0
0
0
0
0
0
0
0
0
0
0
0
0
0
0
0
0
0
0
0
0
0
0
0
0
0
0
0
0
0
0
0
0
0
0
0
0
0
0
0
0
0
0
0
0
0
0
0
0
0
0
0
0
0
0
0
0
0
0
0
0
0
0
0
0
0
0
0
0
0
0
0
0
0
0
0
0
0
0
0
