0
0
571
0
0
0
0
0
0
0
0
1267
4095
2310
0
0
202
0
0
0
0
0
0
0
549
0
0
0
0
0
0
0
0
1245
4095
2257
0
6
36
0
0
0
0
0
0
0
567
0
0
0
0
0
0
0
0
4095
4095
1560
0
77
199
0
0
0
0
0
0
876
554
0
0
0
0
0
0
0
4
4095
4095
467
0
29
395
0
0
0
0
0
0
1384
576
0
0
0
0
0
0
0
18
4095
0
466
0
52
394
0
0
0
0
1
0
1384
526
0
0
0
0
0
0
0
17
4095
0
459
0
62
412
0
0
0
0
2
1618
1425
559
0
0
0
0
0
0
0
163
1771
556
459
0
43
163
0
0
0
1
4
1582
1393
553
0
0
0
0
0
0
40
178
0
577
483
143
31
0
0
0
0
4
1
1549
1338
0
0
0
0
0
0
0
93
76
233
551
438
258
2
0
0
0
0
11
435
1560
1392
0
0
0
0
0
0
22
104
0
594
584
459
11
0
0
0
0
0
10
528
1616
1430
158
0
0
0
0
0
83
1005
124
593
563
449
213
0
0
0
0
0
8
559
1612
552
396
0
0
0
0
0
90
1326
607
570
539
464
255
0
0
0
0
0
171
587
1657
0
416
0
0
0
0
0
965
1197
565
530
545
437
200
0
0
0
0
0
165
561
1622
0
0
0
0
0
0
101
1272
1201
601
617
546
463
127
0
0
0
0
426
2
561
0
174
0
0
0
0
0
0
1243
1290
597
611
564
312
122
0
0
0
0
353
1
561
0
161
0
0
0
0
45
0
1255
1315
637
616
344
124
132
0
0
0
0
0
3
554
0
65
0
0
0
0
45
0
1280
1052
613
569
372
7
104
0
0
0
0
0
0
115
0
0
0
0
0
0
0
724
1282
0
654
613
465
3
0
0
0
0
2
0
0
0
0
0
0
0
0
0
0
1169
1274
0
612
577
309
12
0
0
0
0
15
0
0
0
0
0
0
0
0
55
0
1177
0
0
636
578
89
350
0
0
0
0
18
0
0
0
0
0
0
0
0
0
0
1212
0
0
636
597
51
525
0
0
0
33
12
0
0
0
0
0
0
0
0
0
0
242
0
0
443
110
32
236
1
0
0
86
0
0
0
0
0
0
0
0
0
0
0
0
0
0
364
0
0
0
0
0
0
85
0
0
0
0
0
0
0
0
0
0
0
0
0
0
402
0
0
0
0
0
0
61
0
0
0
0
0
0
0
0
32
0
0
0
0
0
147
0
0
0
0
0
0
0
0
0
0
0
0
0
0
0
0
0
0
0
0
0
0
0
0
0
0
0
0
0
0
0
0
0
0
0
0
0
0
0
0
0
0
0
0
0
0
0
0
0
0
0
0
0
0
0
0
0
0
0
0
0
0
0
0
0
0
0
0
0
0
0
0
0
0
780
0
0
0
0
0
0
0
0
0
0
0
0
0
0
0
0
0
0
0
0
0
1298
0
0
0
0
0
6
0
0
0
0
0
3
0
0
0
0
0
0
0
0
685
1331
0
0
0
0
0
12
0
0
0
0
91
49
0
0
0
0
0
0
0
0
2375
855
0
0
0
0
0
0
0
0
0
0
74
54
0
0
0
0
0
0
0
0
4095
865
0
0
0
0
0
0
0
0
0
0
61
0
0
0
0
0
0
0
0
896
2293
905
0
0
0
0
0
0
0
0
0
0
57
0
0
0
0
0
0
0
0
397
444
168
0
0
0
0
90
0
0
0
0
9
0
0
0
0
0
0
0
0
0
381
448
165
0
0
0
0
0
0
0
0
0
17
0
0
0
0
0
0
0
0
0
408
459
167
0
0
0
0
0
0
0
0
0
0
0
0
0
0
0
0
0
0
192
397
466
1436
0
0
0
39
0
0
0
0
0
0
0
0
0
0
0
0
0
0
327
513
593
1392
0
0
0
42
0
0
0
0
0
0
0
0
0
0
0
0
0
0
292
491
586
729
0
0
0
0
0
0
0
0
0
0
0
0
0
0
0
33
0
0
316
370
605
537
0
0
128
0
0
0
0
0
0
0
0
0
0
0
0
38
0
0
1927
2168
4095
1145
0
0
106
0
0
0
0
0
0
0
0
0
0
0
0
37
0
888
1904
2191
1043
1095
0
36
368
277
0
0
0
0
0
0
0
1
0
0
46
15
0
874
1363
2732
1042
1117
0
68
55
337
0
0
0
0
0
0
0
4
0
0
114
0
0
880
1311
4095
1027
688
0
66
297
384
0
0
0
0
0
0
0
2
0
0
106
0
0
892
1340
4095
1033
1609
160
1169
1122
356
0
0
0
0
0
0
0
3
752
0
89
0
0
875
1351
4095
1020
2326
198
1125
1054
0
0
0
0
0
0
0
0
3
590
0
0
0
1519
839
1383
4095
2316
2687
506
1082
1082
0
0
0
0
0
0
0
0
5
0
0
0
0
3547
288
1392
4095
4095
2323
745
1122
606
0
0
0
0
0
0
0
1133
5
0
0
0
0
3548
278
1392
4095
4095
1144
736
1080
0
0
0
0
0
0
0
0
1885
3
0
0
0
0
3597
277
1395
4095
4095
0
647
1101
0
0
0
0
0
0
0
739
1922
3
0
0
0
0
3516
252
1345
4095
4095
117
633
864
0
0
0
0
0
0
0
1756
1918
2
0
0
0
2470
1499
126
1362
4095
0
565
639
0
0
0
0
0
0
0
0
1804
1886
0
0
0
0
2845
1250
287
1359
4095
0
550
607
0
0
0
0
0
0
0
827
1746
1914
0
0
0
0
3584
511
262
1395
3283
389
531
444
0
0
0
0
0
0
0
1386
1811
1933
0
0
0
1207
2528
360
257
1398
875
477
518
464
0
0
0
0
0
0
0
1382
1852
1956
0
0
0
2144
1697
254
255
1372
946
475
571
441
0
0
0
0
0
0
0
1394
1771
711
0
0
0
2128
1710
256
261
1362
438
494
524
450
0
0
0
0
0
0
0
1369
1800
0
0
0
1191
2559
1218
318
288
1382
447
487
552
468
0
0
0
0
0
0
0
1397
1089
0
0
0
1513
1391
2308
1078
278
1365
398
481
534
464
0
0
0
0
0
0
0
1406
0
0
0
0
2120
1975
2267
1075
280
935
435
508
552
406
0
0
0
0
0
0
0
1394
0
0
0
0
2083
2012
2293
1097
287
276
417
484
569
325
0
38
0
0
0
0
0
582
0
0
0
0
1350
1335
2244
1124
279
283
446
466
550
252
12
55
0
0
0
0
0
0
0
0
0
0
1410
4095
2258
1138
282
287
422
465
529
63
66
23
0
0
0
0
0
0
0
0
0
0
2139
1956
2198
1091
260
254
424
475
211
0
63
0
0
0
0
0
0
408
0
0
0
0
2108
1987
2335
1090
257
275
414
465
0
0
20
0
0
0
0
0
0
414
0
0
0
0
2096
1999
2277
1089
0
265
90
425
0
0
8
0
0
0
0
0
0
165
0
0
0
0
2134
1961
2275
1079
0
274
124
0
0
42
0
0
0
0
0
0
0
0
0
0
0
0
2124
1971
2261
1053
0
277
320
0
0
46
0
0
0
0
0
0
20
0
0
0
0
0
1265
4095
2274
1083
0
271
196
0
0
0
0
0
0
0
0
0
17
0
0
0
0
0
1275
4095
2316
1059
0
270
173
0
0
0
0
0
0
0
0
0
0
0
0
0
0
0
1293
4095
2346
399
0
241
65
0
0
0
0
0
0
0
0
0
0
0
0
0
0
0
1271
4095
2281
0
0
144
22
0
0
0
0
