0
0
0
0
569
0
0
0
0
0
0
1209
4095
2215
0
0
230
0
0
0
0
0
0
0
0
0
572
0
0
0
0
0
0
1278
4095
2280
0
3
32
0
0
0
0
0
0
553
0
0
0
0
0
0
0
0
0
4095
4095
1496
0
67
137
1
0
0
0
0
0
1403
0
0
0
0
0
0
0
0
4
4095
4095
416
0
49
372
0
0
0
0
0
0
1965
0
0
0
0
0
0
0
0
30
4095
0
918
0
40
404
0
0
0
0
0
1
1388
551
0
0
0
0
0
0
0
0
4095
0
0
0
62
611
0
0
0
0
0
1680
1428
566
0
0
0
0
0
0
0
0
4095
0
0
448
53
0
0
0
0
0
0
1760
1438
549
0
0
0
0
0
0
0
219
1850
0
0
562
34
0
0
0
0
0
0
4095
1399
0
0
0
0
0
0
0
0
161
0
0
0
680
0
0
0
0
0
0
0
0
1433
0
0
0
0
0
0
0
0
0
0
0
0
1019
0
0
0
0
0
0
0
2290
1427
166
0
0
0
0
0
0
1927
0
0
0
1041
220
0
0
0
0
0
0
0
2503
568
378
0
0
0
0
0
0
2610
0
0
0
1003
256
0
0
0
0
0
0
0
2414
0
421
0
0
0
0
869
0
4095
0
0
0
1015
201
0
0
0
0
0
0
0
2752
0
0
0
0
0
0
1342
0
0
0
0
1176
470
163
0
0
0
0
0
0
0
0
174
0
0
0
0
0
0
1243
1899
0
0
1169
324
130
0
0
0
0
0
0
853
0
157
0
0
0
0
42
0
1229
1846
0
0
956
140
248
0
0
0
0
0
0
684
0
70
0
0
0
0
40
0
1264
1743
0
0
962
11
0
0
0
0
0
0
0
0
0
0
0
0
0
0
0
668
1246
1256
0
0
1090
4
0
0
0
0
1
0
0
0
0
0
0
0
0
0
0
1155
1201
0
0
0
899
9
0
0
0
0
31
0
0
0
0
0
0
0
0
46
0
1158
642
0
0
0
705
345
0
0
0
0
0
0
0
0
0
0
0
0
0
0
0
1385
0
0
0
0
629
717
0
0
0
61
0
0
0
0
0
0
0
0
0
0
0
0
0
0
1291
0
39
0
0
0
0
82
0
0
0
0
0
0
0
0
0
0
0
0
0
0
377
0
0
0
0
0
0
75
0
0
0
0
0
0
0
0
0
0
0
0
0
0
494
0
1
0
0
0
0
65
0
0
0
0
0
0
0
0
28
0
0
0
0
50
0
0
0
0
0
0
0
0
0
0
0
0
0
0
0
0
0
0
0
0
0
0
0
0
0
0
0
0
0
0
0
0
0
0
0
0
0
0
0
0
0
0
0
0
0
0
0
0
0
0
0
0
0
0
0
0
0
0
0
0
0
0
0
0
0
0
0
0
0
0
0
0
0
0
0
0
0
0
0
0
0
0
0
0
0
0
0
0
0
0
0
0
0
0
0
0
0
0
0
0
0
0
0
6
0
0
0
0
0
0
0
0
0
0
0
0
0
0
0
4095
0
0
0
0
0
89
0
0
0
0
0
0
0
0
0
0
0
0
0
0
0
4095
0
0
0
0
0
136
0
0
0
0
0
0
0
0
0
0
0
0
0
0
4095
0
0
0
0
0
0
119
0
0
0
0
0
0
0
0
0
0
0
0
0
0
4095
0
0
0
0
0
0
0
0
0
0
0
0
0
0
0
0
0
0
0
0
0
4095
0
0
0
0
0
86
0
0
0
0
0
0
0
0
0
0
0
0
0
0
0
0
0
0
0
0
0
16
0
0
0
0
0
0
0
0
0
0
0
0
0
0
0
0
0
0
0
0
0
0
0
0
0
0
0
0
0
0
0
0
0
0
0
0
0
0
0
0
0
0
36
0
0
0
0
0
0
0
0
0
0
0
0
0
0
0
0
0
0
0
0
0
41
0
0
0
0
0
0
0
0
0
0
0
0
0
0
0
0
0
0
0
0
0
0
0
0
0
0
0
0
0
0
0
0
0
25
0
0
0
0
4095
4095
0
0
137
0
0
0
0
0
0
0
0
0
0
0
0
30
0
0
0
4095
4095
1143
0
0
156
0
0
0
0
0
0
0
0
0
0
0
0
920
0
0
0
4095
982
1182
0
0
455
336
0
0
0
0
0
0
0
0
0
0
36
908
0
0
0
4095
1002
1147
0
0
146
722
0
0
0
0
0
0
0
0
0
0
118
0
0
0
2218
4095
1031
757
0
0
1462
0
0
0
0
0
0
0
0
0
0
0
116
0
0
0
2204
4095
1046
4095
0
0
2644
0
0
0
0
0
0
0
0
0
0
0
798
0
0
855
1409
4095
1045
0
0
0
2243
0
0
0
0
0
0
0
0
0
0
0
590
0
0
2086
1344
4095
2376
2639
731
0
2310
0
0
0
0
0
0
0
0
0
0
0
0
0
0
3963
1305
4095
4095
2435
763
0
736
0
0
0
0
0
0
0
0
0
0
0
0
0
0
3804
1386
4095
4095
1177
1344
1141
0
0
0
0
0
0
0
2872
0
0
10
0
0
0
0
3818
1412
4095
4095
103
0
1103
0
0
0
0
0
0
0
2566
0
0
4
0
0
0
0
3873
1372
4095
4095
0
0
1518
0
0
0
0
0
0
0
3574
0
0
2
0
0
0
0
4095
1383
4095
0
0
1177
0
0
0
0
0
0
0
0
3575
0
0
0
0
0
0
4095
264
1413
4095
0
0
3076
0
0
0
0
0
0
0
832
3617
0
0
0
0
0
0
4095
282
1385
3645
0
0
0
0
0
0
0
0
0
0
1380
1749
1863
0
0
0
0
0
4095
260
1403
1887
0
0
0
0
0
0
0
0
0
0
2807
1694
1883
0
0
0
0
0
4095
267
1360
3388
0
0
0
0
0
0
0
0
0
0
0
1717
752
0
0
0
0
0
4095
282
1362
0
0
0
0
0
0
0
0
0
0
0
1406
1753
0
0
0
0
0
0
4095
267
2839
0
0
0
0
0
0
0
0
0
0
0
1389
1081
0
0
0
4095
0
2267
1073
269
2230
0
0
0
0
0
0
0
0
0
0
0
1374
0
0
0
0
4095
0
2330
1081
289
2039
0
0
0
2884
0
0
0
0
0
0
0
1359
0
0
0
0
4095
0
2249
1044
283
1190
0
0
0
868
0
0
0
0
0
0
0
557
0
0
0
0
4095
0
2327
1103
272
1470
0
0
0
1127
0
0
0
0
0
0
0
0
0
0
0
0
0
4095
2243
1104
281
0
0
0
1201
0
0
0
0
0
0
0
0
0
0
0
0
0
0
4095
2264
1130
555
0
1361
0
0
0
0
0
0
0
0
0
0
405
0
0
0
0
0
4095
2258
1113
533
0
947
0
0
0
0
0
0
0
0
0
0
414
0
0
0
0
0
4095
2239
1085
273
0
507
0
0
0
0
0
0
0
0
0
0
174
0
0
0
0
0
4095
2242
1102
0
254
204
0
0
0
0
0
0
0
0
0
0
0
0
0
0
0
0
4095
2219
1110
0
285
356
0
0
0
0
0
0
0
0
0
18
0
0
0
0
0
2733
4095
2223
1094
0
264
170
0
0
0
0
0
0
0
0
0
23
0
0
0
0
0
1274
4095
2207
1098
0
261
159
0
0
0
0
0
0
0
0
0
0
0
0
0
0
0
1222
4095
2282
451
0
294
54
0
0
0
0
0
0
0
0
0
0
0
0
0
0
0
1236
4095
2210
0
0
129
25
0
0
0
0
