0
0
569
569
0
0
0
0
0
0
0
0
0
0
0
0
0
0
0
0
0
0
0
0
572
572
0
0
0
0
0
0
0
0
0
0
0
0
0
0
0
0
0
0
0
0
0
0
0
0
0
0
0
0
0
0
0
0
0
0
0
0
0
0
0
0
0
0
0
0
0
0
0
0
0
0
0
0
0
0
0
0
0
0
0
0
0
0
1
0
0
0
0
0
0
0
0
0
0
0
0
0
0
0
0
0
0
0
0
1
0
0
0
0
0
0
0
0
0
0
0
0
0
0
0
0
0
0
0
0
0
1
0
0
0
0
0
0
0
0
0
0
155
0
0
448
0
0
0
0
0
0
0
2
0
0
0
0
0
0
0
0
0
41
0
0
0
448
0
0
0
0
0
0
3
7
0
0
0
0
0
0
0
0
0
87
0
0
0
440
0
0
0
0
0
0
15
943
0
0
0
0
0
0
0
0
0
0
0
0
544
1008
0
0
0
0
0
0
0
0
0
0
0
0
0
0
0
0
105
107
0
0
583
0
0
0
0
0
0
0
8
566
0
0
0
0
0
0
0
0
92
0
0
0
561
0
0
0
0
0
0
0
190
766
0
0
0
0
0
0
0
0
0
0
0
0
563
0
0
0
0
0
0
0
195
742
0
0
0
0
0
0
0
0
0
0
0
602
0
0
0
0
0
0
0
437
438
1002
0
0
0
0
0
0
0
0
0
0
0
606
0
0
0
0
0
0
0
318
319
0
0
0
0
0
0
0
0
0
0
0
0
625
0
0
0
0
0
0
0
0
1
0
0
0
0
0
0
0
0
0
0
0
0
605
0
0
0
0
0
0
0
0
0
0
0
0
0
0
0
0
0
0
0
0
0
592
0
0
0
0
0
0
0
0
0
0
0
0
0
0
0
0
0
0
0
0
0
603
0
0
0
0
0
0
0
0
0
0
0
0
0
0
0
0
0
0
0
0
0
631
0
0
0
0
0
0
0
0
0
0
0
0
0
0
0
0
0
0
0
0
0
587
0
0
0
0
0
0
0
0
0
0
0
0
0
0
0
0
0
0
0
0
638
0
0
0
0
0
0
0
0
0
0
0
0
0
0
0
0
0
0
0
0
0
0
0
0
0
0
0
0
0
0
0
0
0
0
0
0
0
0
0
0
0
0
0
0
0
0
0
0
0
0
0
0
0
0
0
0
0
0
0
0
0
0
0
0
0
0
0
0
0
0
0
0
0
0
0
0
0
0
0
0
0
0
0
0
0
0
0
0
0
0
0
0
0
0
0
0
0
0
0
0
0
0
0
0
0
0
0
0
0
0
0
0
0
0
0
0
0
0
0
0
0
0
0
0
0
0
0
0
0
0
0
0
0
0
0
0
0
0
0
0
0
0
0
0
0
0
0
0
0
0
0
0
0
0
0
0
0
0
0
0
0
0
791
0
0
0
0
0
0
0
0
0
0
0
0
0
0
0
0
0
0
0
0
670
2142
0
0
0
0
0
0
0
0
0
0
0
0
0
0
0
0
0
0
0
0
2321
0
0
0
0
0
0
0
0
0
0
0
0
0
0
0
0
0
0
0
0
0
0
0
0
0
0
0
0
0
0
0
0
0
0
0
0
0
0
0
0
0
0
852
0
0
0
0
0
0
0
0
0
0
0
0
0
0
0
0
0
0
0
0
152
1795
0
0
0
0
0
0
0
0
0
0
0
0
0
0
0
0
0
0
0
0
0
0
0
0
0
0
0
0
0
0
0
0
0
0
0
0
0
0
0
0
0
0
0
0
0
0
0
0
0
0
0
0
0
0
0
0
0
0
0
0
0
0
0
0
0
0
0
0
0
0
0
0
0
0
0
0
0
0
0
0
0
0
0
0
0
0
0
0
0
1409
0
0
0
0
0
0
0
0
0
0
0
0
0
0
0
0
0
0
332
531
584
2836
0
0
0
0
0
0
0
0
0
0
0
0
0
0
0
0
0
0
1669
3451
1122
3559
0
0
0
0
0
0
0
0
0
0
0
0
0
0
0
0
0
0
1919
0
0
0
0
0
0
0
0
0
0
0
0
0
0
0
0
0
0
0
0
0
1900
0
0
0
0
45
0
0
0
0
0
0
0
0
0
1
1
1
0
0
0
0
1616
0
0
0
0
71
0
0
0
0
0
0
0
0
0
3
3
3
0
0
0
869
0
0
0
0
0
63
0
0
0
0
0
0
0
0
0
2
2
2
0
0
0
864
0
0
0
0
0
1122
0
0
0
0
0
0
0
0
0
4
720
720
0
0
0
0
0
0
0
0
0
1157
0
0
0
0
0
0
0
0
0
2
590
590
0
0
1180
0
0
0
0
0
215
1132
0
0
0
0
0
0
0
0
0
0
0
0
0
0
3513
0
0
0
0
0
0
1140
0
0
0
0
0
0
0
0
0
3
0
0
0
0
3524
0
0
0
0
0
0
0
0
0
0
0
0
0
0
0
1065
15
0
0
0
0
3531
0
0
0
0
0
0
0
0
0
0
0
0
0
0
0
0
4
0
0
0
0
3600
0
0
0
0
0
638
0
0
0
0
0
0
0
0
0
0
2
0
0
0
2482
3987
0
0
0
0
530
0
0
0
0
0
0
0
0
0
0
0
0
0
0
0
2901
0
0
0
0
0
1088
0
0
0
0
0
0
0
0
0
0
0
0
0
0
0
3574
0
0
0
0
0
0
0
0
0
0
0
0
0
0
0
0
0
0
0
0
1222
3732
0
0
0
0
0
0
0
0
0
0
0
0
0
0
0
0
0
0
0
0
2127
3831
0
0
0
0
0
0
0
0
0
0
0
0
0
0
0
0
0
0
0
0
2131
3846
0
0
0
0
0
0
0
0
0
0
0
0
0
0
0
0
0
0
0
0
2600
3816
0
0
0
0
0
0
447
0
0
0
0
0
0
0
0
0
0
0
0
1010
0
0
0
0
0
0
0
0
892
0
0
0
0
0
0
0
0
0
0
0
0
0
0
0
0
0
0
0
0
1691
1358
0
0
0
0
0
0
0
0
0
0
0
0
0
0
0
0
0
0
0
0
529
0
0
0
0
0
0
0
0
0
0
0
0
0
0
0
0
0
0
0
0
0
537
0
0
0
0
0
0
0
0
0
0
0
0
0
0
0
0
0
0
0
0
474
0
0
0
0
0
0
0
0
0
0
0
0
0
0
2105
0
0
0
0
0
447
0
0
0
0
0
0
0
0
0
0
0
0
0
0
0
2077
0
0
0
0
0
0
0
0
0
0
0
0
0
0
0
0
0
0
0
0
0
2083
0
0
0
0
0
0
0
0
0
0
0
0
0
0
0
0
0
0
0
0
0
2125
0
0
0
0
0
0
0
0
0
0
0
0
0
0
0
0
0
0
0
0
0
2109
0
0
0
0
0
0
0
0
0
0
0
0
0
0
0
0
0
0
0
0
0
0
0
0
0
0
0
0
0
0
0
0
0
0
0
0
0
0
0
0
0
0
0
0
0
0
0
0
0
0
0
0
0
0
0
0
0
0
0
0
0
0
0
0
0
0
0
0
0
0
0
0
0
0
0
0
0
0
0
0
0
0
0
0
0
0
0
0
0
0
0
0
0
0
0
0
0
0
