0
0
569
0
0
0
0
0
0
0
0
1209
4095
2215
0
0
230
0
0
0
0
0
0
0
572
0
0
0
0
0
0
0
0
1278
4095
2280
0
3
32
0
0
0
0
0
0
0
553
0
0
0
0
0
0
0
0
4095
4095
1496
0
67
137
0
0
0
0
0
0
845
558
0
0
0
0
0
0
0
4
4095
4095
416
0
49
372
1
0
0
0
0
0
1437
527
0
0
0
0
0
0
0
17
4095
0
473
0
40
404
0
0
0
0
1
0
1388
551
0
0
0
0
0
0
0
13
4095
0
445
0
62
390
0
0
0
0
1
1678
1428
566
0
0
0
0
0
0
0
155
3414
526
448
0
53
221
0
0
0
0
2
1753
1438
549
0
0
0
0
0
0
41
178
0
559
448
114
34
0
0
0
0
3
4
1600
1399
0
0
0
0
0
0
0
87
73
127
565
440
240
0
0
0
0
0
9
402
1552
1433
0
0
0
0
0
0
25
107
0
598
544
464
11
0
0
0
0
0
6
526
1723
1427
166
0
0
0
0
0
55
996
132
610
583
458
220
0
0
0
0
0
8
558
1737
568
378
0
0
0
0
0
92
1268
620
629
561
442
256
0
0
0
0
0
190
575
1672
0
421
0
0
0
0
0
869
1192
586
565
563
451
201
0
0
0
0
0
195
547
1750
0
0
0
0
0
0
109
1232
1169
582
602
573
470
163
0
0
0
0
437
1
564
0
174
0
0
0
0
0
0
1243
1263
636
606
562
324
130
0
0
0
0
318
1
533
0
157
0
0
0
0
42
0
1229
1245
600
625
330
140
139
0
0
0
0
0
1
567
0
70
0
0
0
0
40
0
1264
1070
673
605
356
11
109
0
0
0
0
0
0
116
0
0
0
0
0
0
0
668
1246
0
630
592
497
4
0
0
0
0
1
0
0
0
0
0
0
0
0
0
0
1155
1201
0
625
603
296
9
0
0
0
0
16
0
0
0
0
0
0
0
0
46
0
1158
0
0
642
631
73
345
0
0
0
0
15
0
0
0
0
0
0
0
0
0
0
1183
0
0
638
587
42
508
0
0
0
34
26
0
0
0
0
0
0
0
0
0
0
201
0
0
438
215
39
209
0
0
0
82
0
0
0
0
0
0
0
0
0
0
0
0
0
0
377
0
0
0
0
0
0
75
0
0
0
0
0
0
0
0
0
0
0
0
0
0
356
0
1
0
0
0
0
65
0
0
0
0
0
0
0
0
28
0
0
0
0
0
138
0
0
0
0
0
0
0
0
0
0
0
0
0
0
0
0
0
0
0
0
0
0
0
0
0
0
0
0
0
0
0
0
0
0
0
0
0
0
0
0
0
0
0
0
0
0
0
0
0
0
0
0
0
0
0
0
0
0
0
0
0
0
0
0
0
0
0
0
0
0
0
0
0
0
791
0
0
0
0
0
0
0
0
0
0
0
0
0
0
0
0
0
0
0
0
0
1351
0
0
0
0
0
6
0
0
0
0
0
3
0
0
0
0
0
0
0
0
670
1282
0
0
0
0
0
17
0
0
0
0
72
47
0
0
0
0
0
0
0
0
2321
888
0
0
0
0
0
0
0
0
0
0
80
56
0
0
0
0
0
0
0
0
4095
886
0
0
0
0
0
0
0
0
0
0
64
0
0
0
0
0
0
0
0
852
2365
877
0
0
0
0
0
0
0
0
0
0
54
0
0
0
0
0
0
0
0
434
443
157
0
0
0
0
77
0
0
0
0
9
0
0
0
0
0
0
0
0
0
401
456
159
0
0
0
0
0
0
0
0
0
16
0
0
0
0
0
0
0
0
0
400
480
176
0
0
0
0
0
0
0
0
0
0
0
0
0
0
0
0
0
0
152
407
428
1409
0
0
0
36
0
0
0
0
0
0
0
0
0
0
0
0
0
0
332
531
584
1426
0
0
0
41
0
0
0
0
0
0
0
0
0
0
0
0
0
0
337
508
538
723
0
0
0
0
0
0
0
0
0
0
0
0
0
0
0
25
0
0
331
371
561
536
0
0
137
0
0
0
0
0
0
0
0
0
0
0
0
30
0
0
1919
2176
4095
1143
0
0
111
0
0
0
0
0
0
0
0
0
0
0
0
44
0
876
1900
2195
982
1182
0
45
384
336
0
0
0
0
0
0
0
1
0
0
35
11
0
897
1616
2479
1002
1147
0
71
82
361
0
0
0
0
0
0
0
3
0
0
115
0
0
869
1349
4095
1031
757
0
63
340
361
0
0
0
0
0
0
0
2
0
0
114
0
0
864
1340
4095
1046
1625
169
1122
1109
378
0
0
0
0
0
0
0
4
716
0
78
0
0
855
1409
4095
1045
2301
215
1157
1111
0
0
0
0
0
0
0
0
2
588
0
0
0
1180
906
1344
4095
2376
2639
516
1132
1170
0
0
0
0
0
0
0
0
3
0
0
0
0
3513
449
1305
4095
4095
2435
763
1140
736
0
0
0
0
0
0
0
1065
2
0
0
0
0
3524
280
1386
4095
4095
1177
723
1141
0
0
0
0
0
0
0
0
1807
4
0
0
0
0
3531
287
1412
4095
4095
0
621
1103
0
0
0
0
0
0
0
694
1872
4
0
0
0
0
3600
272
1372
4095
4095
103
638
879
0
0
0
0
0
0
0
1719
1854
2
0
0
0
2482
1504
108
1383
4095
0
530
646
0
0
0
0
0
0
0
0
1713
1861
0
0
0
0
2901
1194
264
1413
4095
0
517
612
0
0
0
0
0
0
0
832
1756
1861
0
0
0
0
3574
521
282
1385
3274
371
570
458
0
0
0
0
0
0
0
1380
1749
1863
0
0
0
1222
2510
363
260
1403
922
434
531
442
0
0
0
0
0
0
0
1408
1694
1883
0
0
0
2127
1704
264
267
1360
903
489
544
476
0
0
0
0
0
0
0
1399
1717
752
0
0
0
2131
1714
249
282
1362
450
488
513
447
0
0
0
0
0
0
0
1406
1753
0
0
0
1010
2600
1216
279
267
1359
447
501
531
445
0
0
0
0
0
0
0
1389
1081
0
0
0
1615
1470
2267
1073
269
1340
424
465
572
466
0
0
0
0
0
0
0
1374
0
0
0
0
2076
2019
2330
1081
289
1134
417
488
546
407
0
0
0
0
0
0
0
1359
0
0
0
0
2153
1942
2249
1044
283
271
446
472
529
339
0
33
0
0
0
0
0
557
0
0
0
0
1380
1310
2327
1103
272
271
432
495
537
239
9
65
0
0
0
0
0
0
0
0
0
0
1405
4095
2243
1104
281
272
447
474
517
73
62
22
0
0
0
0
0
0
0
0
0
0
2105
1990
2264
1130
278
277
442
471
210
0
58
0
0
0
0
0
0
405
0
0
0
0
2077
2018
2258
1113
265
267
463
484
0
0
26
0
0
0
0
0
0
414
0
0
0
0
2083
2012
2239
1085
0
273
96
399
0
0
11
0
0
0
0
0
0
174
0
0
0
0
2125
1970
2242
1102
0
254
155
0
0
49
0
0
0
0
0
0
0
0
0
0
0
0
2109
1986
2219
1110
0
285
312
0
0
44
0
0
0
0
0
0
18
0
0
0
0
0
2733
4095
2223
1094
0
264
170
0
0
0
0
0
0
0
0
0
23
0
0
0
0
0
1274
4095
2207
1098
0
261
159
0
0
0
0
0
0
0
0
0
0
0
0
0
0
0
1222
4095
2282
451
0
294
54
0
0
0
0
0
0
0
0
0
0
0
0
0
0
0
1236
4095
2210
0
0
129
25
0
0
0
0
