0
0
0
0
555
0
0
0
0
0
0
1257
4095
2274
0
0
227
1
0
0
0
0
0
0
0
0
580
0
0
0
0
0
0
1295
4095
2329
0
4
34
0
0
0
0
0
0
587
0
0
0
0
0
0
0
0
0
4095
4095
1577
0
84
143
0
0
0
0
0
0
1428
0
0
0
0
0
0
0
0
2
4095
4095
432
0
70
366
0
0
0
0
0
0
1936
0
0
0
0
0
0
0
0
32
4095
0
939
0
43
403
0
0
0
0
0
0
1399
564
0
0
0
0
0
0
0
0
4095
0
0
0
86
660
0
0
0
0
0
1477
1360
536
0
0
0
0
0
0
0
0
4095
0
0
427
69
0
0
0
0
0
0
1786
1385
551
0
0
0
0
0
0
0
184
1746
0
0
544
45
0
0
0
0
0
0
4095
1392
0
0
0
0
0
0
0
0
181
0
0
0
727
0
0
0
0
0
0
0
0
1433
0
0
0
0
0
0
0
0
0
0
0
0
967
0
0
0
0
0
0
0
2321
1402
165
0
0
0
0
0
0
1585
0
0
0
913
193
0
0
0
0
0
0
0
2467
586
411
0
0
0
0
0
0
2631
0
0
0
954
206
0
0
0
0
0
0
0
2453
0
408
0
0
0
0
947
0
4095
0
0
0
959
188
0
0
0
0
0
0
0
2736
0
0
0
0
0
0
1336
0
0
0
0
1103
438
159
0
0
0
0
0
0
0
1705
172
0
0
0
0
0
0
1236
1961
0
0
1144
347
131
0
0
0
0
0
0
0
0
176
0
0
0
0
47
0
1237
1887
0
0
953
123
256
0
0
0
0
0
0
0
0
188
0
0
0
0
47
0
1207
1950
0
0
911
11
0
0
0
0
0
0
0
0
0
0
0
0
0
0
0
715
1196
1253
0
0
1028
3
0
0
0
0
3
0
0
0
0
0
0
0
0
0
0
1110
1250
0
0
0
940
5
0
0
0
0
49
0
0
0
0
0
0
0
0
56
0
1163
625
0
0
0
672
359
0
0
0
0
0
0
0
0
0
0
0
0
0
0
0
1370
0
0
0
0
640
750
0
0
0
60
0
0
0
0
0
0
0
0
0
0
0
0
0
0
1406
0
32
0
0
0
0
84
0
0
0
0
0
0
0
0
0
0
0
0
0
0
326
0
5
0
0
0
0
78
0
0
0
0
0
0
0
0
0
0
0
0
0
0
611
0
0
0
0
0
0
67
0
0
0
0
0
0
0
0
29
0
0
0
0
0
0
0
0
0
0
0
0
0
0
0
0
0
0
0
0
0
0
0
0
0
0
0
0
0
0
0
0
0
0
0
0
0
0
0
0
0
0
0
0
0
0
0
0
0
0
0
0
0
0
0
0
0
0
0
0
0
0
0
0
0
0
0
0
0
0
0
0
0
0
0
0
0
0
0
0
0
0
0
0
0
0
0
0
0
0
0
0
0
0
0
0
0
0
0
0
0
0
0
0
0
0
0
0
9
0
0
0
0
0
0
0
0
0
0
0
0
0
0
0
4095
0
0
0
0
0
148
0
0
0
0
0
0
0
0
0
0
0
0
0
0
0
4095
0
0
0
0
0
138
0
0
0
0
0
0
0
0
0
0
0
0
0
0
4095
0
0
0
0
0
0
93
0
0
0
0
0
0
0
0
0
0
0
0
0
0
4095
0
0
0
0
0
0
0
0
0
0
0
0
0
0
0
0
0
0
0
0
0
4095
0
0
0
0
0
88
0
0
0
0
0
0
0
0
0
0
0
0
0
0
0
0
0
0
0
0
0
12
0
0
0
0
0
0
0
0
0
0
0
0
0
0
0
0
0
0
0
0
0
0
0
0
0
0
0
0
0
0
0
0
0
0
0
0
0
0
0
0
0
0
40
0
0
0
0
0
0
0
0
0
0
0
0
0
0
0
0
0
0
0
0
0
47
0
0
0
0
0
0
0
0
0
0
0
0
0
0
0
0
0
0
0
0
0
0
0
0
0
0
0
0
0
0
0
0
0
29
0
0
0
0
4095
4095
0
0
131
0
0
0
0
0
0
0
0
0
0
0
0
39
0
0
0
4095
4095
1175
0
0
154
0
0
0
0
0
0
0
0
0
0
0
0
1180
0
0
0
4095
1278
1127
0
0
393
301
0
0
0
0
0
0
0
0
0
0
22
1215
0
0
0
4095
1371
1136
0
0
219
731
0
0
0
0
0
0
0
0
0
0
106
0
0
0
2472
4095
1315
689
0
0
1206
0
0
0
0
0
0
0
0
0
0
0
104
0
0
0
2553
4095
1340
4095
0
0
1519
0
0
0
0
0
0
0
0
0
0
0
698
0
0
1179
1357
4095
1257
0
0
2448
1147
0
0
0
0
0
0
0
0
0
0
0
773
0
0
2018
1319
4095
2565
2661
512
0
2299
0
0
0
0
0
0
0
0
0
0
0
0
0
0
3773
1352
4095
4095
2376
729
0
904
0
0
0
0
0
0
0
0
0
0
0
0
0
0
3576
1380
4095
4095
1158
1326
1122
0
0
0
0
0
0
0
3006
0
0
7
0
0
0
0
3576
1374
4095
4095
109
0
1093
0
0
0
0
0
0
0
2516
0
0
2
0
0
0
0
3645
1373
4095
4095
0
0
1562
0
0
0
0
0
0
0
3567
0
0
3
0
0
0
0
4095
1359
4095
0
0
1213
0
0
0
0
0
0
0
0
3655
0
0
0
0
0
0
4095
348
1362
4095
0
0
3039
0
0
0
0
0
0
0
823
3615
0
0
0
0
0
0
4095
361
1405
3921
0
0
0
0
0
0
0
0
0
0
1365
1744
1826
0
0
0
0
0
4095
372
1347
1940
0
0
0
0
0
0
0
0
0
0
2788
1764
1864
0
0
0
0
0
4095
362
1328
3479
0
0
0
0
0
0
0
0
0
0
0
1703
690
0
0
0
0
0
4095
383
1338
0
0
0
0
0
0
0
0
0
0
0
1423
1748
0
0
0
0
0
0
4095
392
2792
0
0
0
0
0
0
0
0
0
0
0
1390
1070
0
0
0
4095
0
2260
991
340
2329
0
0
0
0
0
0
0
0
0
0
0
1389
0
0
0
0
4095
0
2238
1022
366
2136
0
0
0
2842
0
0
0
0
0
0
0
1385
0
0
0
0
4095
0
2306
996
339
1226
0
0
0
860
0
0
0
0
0
0
0
570
0
0
0
0
4095
0
2288
1016
371
1222
0
0
0
1196
0
0
0
0
0
0
0
0
0
0
0
0
0
0
4095
1011
366
1004
0
0
1241
0
0
0
0
0
0
0
0
0
0
0
0
0
0
4095
2241
997
357
0
961
0
0
0
0
0
0
0
0
0
0
437
0
0
0
0
0
4095
2272
986
622
0
921
0
0
0
0
0
0
0
0
0
0
426
0
0
0
0
0
4095
2214
1029
277
0
497
0
0
0
0
0
0
0
0
0
0
174
0
0
0
0
0
4095
2232
1002
0
262
184
0
0
0
0
0
0
0
0
0
0
0
0
0
0
0
0
4095
2242
1000
0
284
386
0
0
0
0
0
0
0
0
0
16
0
0
0
0
0
2825
4095
2296
971
0
265
186
0
0
0
0
0
0
0
0
0
14
0
0
0
0
0
1270
4095
2267
963
0
276
173
0
0
0
0
0
0
0
0
0
0
0
0
0
0
0
1291
4095
2313
461
0
270
63
0
0
0
0
0
0
0
0
0
0
0
0
0
0
0
1295
4095
2320
0
0
113
23
0
0
0
0
