-1
-1
-1
-1
10
-1
-1
-1
-1
-1
-1
33
29
25
-1
-1
15
4
-1
-1
-1
-1
-1
-1
-1
-1
10
-1
-1
-1
-1
-1
-1
33
29
25
-1
1
15
-1
-1
-1
-1
-1
-1
10
-1
-1
-1
-1
-1
-1
-1
-1
-1
33
29
25
-1
4
15
20
-1
-1
-1
-1
-1
25
-1
-1
-1
-1
-1
-1
-1
-1
3
33
23
25
-1
3
15
-1
-1
-1
-1
-1
-1
43
-1
-1
-1
-1
-1
-1
-1
-1
27
33
-1
50
-1
3
38
-1
-1
-1
-1
-1
-1
45
10
-1
-1
-1
-1
-1
-1
-1
-1
33
-1
-1
-1
4
54
-1
-1
-1
-1
-1
54
25
10
-1
-1
-1
-1
-1
-1
-1
-1
59
-1
-1
25
4
-1
-1
-1
-1
-1
-1
73
25
10
-1
-1
-1
-1
-1
-1
-1
38
97
-1
-1
36
22
-1
-1
-1
-1
-1
-1
170
25
-1
-1
-1
-1
-1
-1
-1
-1
50
-1
-1
-1
36
32
-1
-1
-1
-1
-1
-1
-1
25
-1
-1
-1
-1
-1
-1
-1
-1
-1
-1
-1
-1
59
30
-1
-1
-1
-1
-1
-1
86
25
10
-1
-1
-1
-1
-1
-1
145
-1
-1
-1
54
11
60
-1
-1
-1
-1
-1
-1
91
10
24
-1
-1
-1
-1
-1
-1
136
-1
-1
-1
54
11
-1
-1
-1
-1
-1
-1
-1
89
-1
24
-1
-1
-1
-1
33
-1
173
-1
-1
-1
54
38
-1
-1
-1
-1
-1
-1
-1
97
-1
-1
-1
-1
-1
-1
45
-1
-1
-1
-1
62
25
39
-1
-1
-1
-1
-1
-1
-1
77
10
-1
-1
-1
-1
-1
-1
33
70
-1
-1
62
25
34
-1
-1
-1
-1
-1
-1
-1
-1
10
-1
-1
-1
-1
5
-1
33
70
-1
-1
62
25
57
-1
-1
-1
-1
-1
-1
-1
-1
6
-1
-1
-1
-1
5
-1
33
70
-1
-1
62
25
-1
-1
-1
-1
-1
-1
-1
-1
-1
-1
-1
-1
-1
-1
-1
19
33
70
-1
-1
62
29
-1
-1
-1
-1
36
-1
-1
-1
-1
-1
-1
-1
-1
-1
-1
31
33
-1
-1
-1
58
40
-1
-1
-1
-1
33
-1
-1
-1
-1
-1
-1
-1
-1
6
-1
31
35
-1
-1
-1
43
36
-1
-1
-1
15
-1
-1
-1
-1
-1
-1
-1
-1
-1
-1
-1
37
-1
-1
-1
-1
39
54
-1
-1
-1
31
-1
-1
-1
-1
-1
-1
-1
-1
-1
-1
-1
-1
-1
-1
83
-1
20
-1
-1
-1
-1
40
-1
-1
-1
-1
-1
-1
-1
-1
-1
-1
-1
-1
-1
-1
35
-1
25
-1
-1
-1
-1
31
-1
-1
-1
-1
-1
-1
-1
-1
-1
-1
-1
-1
-1
-1
51
-1
38
-1
-1
-1
-1
20
-1
-1
-1
-1
-1
-1
-1
-1
3
-1
-1
-1
-1
-1
-1
-1
88
-1
-1
-1
-1
-1
-1
-1
-1
-1
-1
-1
-1
-1
-1
-1
-1
-1
-1
-1
-1
-1
-1
-1
-1
-1
11
-1
-1
-1
-1
-1
-1
-1
-1
-1
-1
-1
-1
-1
-1
-1
-1
-1
-1
-1
-1
-1
6
-1
-1
-1
-1
-1
-1
-1
-1
-1
-1
-1
-1
-1
-1
-1
-1
-1
-1
-1
-1
-1
30
-1
-1
-1
-1
-1
-1
-1
-1
-1
-1
-1
-1
-1
-1
-1
-1
-1
-1
-1
-1
-1
90
-1
-1
-1
-1
-1
-1
-1
-1
2
-1
-1
-1
-1
-1
-1
-1
-1
-1
-1
-1
-1
-1
-1
-1
31
-1
-1
-1
-1
-1
42
-1
-1
-1
-1
-1
-1
-1
-1
-1
-1
-1
-1
-1
-1
-1
48
-1
-1
-1
-1
-1
51
-1
-1
-1
-1
-1
-1
-1
-1
-1
-1
-1
-1
-1
-1
58
-1
-1
-1
-1
-1
-1
60
-1
-1
-1
-1
-1
-1
-1
-1
-1
-1
-1
-1
-1
-1
76
-1
-1
-1
-1
-1
-1
-1
-1
-1
-1
-1
-1
-1
-1
-1
-1
-1
-1
-1
-1
-1
276
-1
-1
-1
-1
-1
18
-1
-1
-1
-1
-1
-1
-1
-1
-1
-1
-1
-1
-1
-1
-1
-1
-1
-1
-1
-1
-1
6
-1
-1
-1
-1
-1
-1
-1
-1
-1
-1
-1
-1
-1
-1
-1
-1
-1
-1
-1
-1
-1
-1
-1
-1
-1
-1
-1
-1
-1
-1
-1
-1
-1
-1
-1
-1
-1
-1
-1
-1
-1
-1
5
-1
-1
-1
-1
-1
-1
-1
-1
-1
-1
-1
-1
-1
-1
-1
-1
-1
-1
-1
-1
-1
5
-1
-1
-1
-1
-1
-1
-1
-1
-1
-1
-1
-1
-1
-1
-1
-1
-1
-1
-1
-1
-1
-1
-1
-1
-1
-1
-1
-1
-1
-1
-1
-1
-1
88
-1
-1
-1
-1
204
76
-1
-1
14
-1
-1
-1
-1
-1
-1
-1
-1
-1
-1
-1
-1
10
-1
-1
-1
40
28
30
-1
-1
30
-1
-1
-1
-1
-1
-1
-1
-1
-1
-1
-1
-1
14
-1
-1
-1
40
28
30
-1
-1
42
8
-1
-1
-1
-1
-1
-1
-1
-1
-1
-1
13
8
-1
-1
-1
40
28
30
-1
-1
42
20
-1
-1
-1
-1
-1
-1
-1
-1
-1
-1
64
-1
-1
-1
19
25
28
30
-1
-1
42
-1
-1
-1
-1
-1
-1
-1
-1
-1
-1
-1
64
-1
-1
-1
19
25
28
64
-1
-1
41
-1
-1
-1
-1
-1
-1
-1
-1
-1
-1
-1
92
-1
-1
4
15
25
28
-1
-1
90
31
-1
-1
-1
-1
-1
-1
-1
-1
-1
-1
-1
70
-1
-1
7
15
25
28
12
24
-1
61
-1
-1
-1
-1
-1
-1
-1
-1
-1
-1
-1
-1
-1
-1
15
15
25
28
10
20
-1
24
-1
-1
-1
-1
-1
-1
-1
-1
-1
-1
-1
-1
-1
-1
15
15
25
28
6
52
30
-1
-1
-1
-1
-1
-1
-1
53
-1
-1
105
-1
-1
-1
-1
15
15
25
28
6
-1
30
-1
-1
-1
-1
-1
-1
-1
45
-1
-1
35
-1
-1
-1
-1
15
15
25
23
-1
-1
54
-1
-1
-1
-1
-1
-1
-1
64
-1
-1
35
-1
-1
-1
-1
35
15
25
-1
-1
60
-1
-1
-1
-1
-1
-1
-1
-1
64
-1
-1
-1
-1
-1
-1
36
4
15
25
-1
-1
164
-1
-1
-1
-1
-1
-1
-1
15
64
-1
-1
-1
-1
-1
-1
36
4
15
41
-1
-1
-1
-1
-1
-1
-1
-1
-1
-1
25
31
33
-1
-1
-1
-1
-1
42
4
15
68
-1
-1
-1
-1
-1
-1
-1
-1
-1
-1
50
31
33
-1
-1
-1
-1
-1
65
4
15
151
-1
-1
-1
-1
-1
-1
-1
-1
-1
-1
-1
31
13
-1
-1
-1
-1
-1
65
4
15
-1
-1
-1
-1
-1
-1
-1
-1
-1
-1
-1
25
31
-1
-1
-1
-1
-1
-1
65
4
98
-1
-1
-1
-1
-1
-1
-1
-1
-1
-1
-1
25
19
-1
-1
-1
82
-1
25
11
4
68
-1
-1
-1
-1
-1
-1
-1
-1
-1
-1
-1
25
-1
-1
-1
-1
62
-1
25
11
4
68
-1
-1
-1
160
-1
-1
-1
-1
-1
-1
-1
25
-1
-1
-1
-1
62
-1
25
11
4
68
-1
-1
-1
55
-1
-1
-1
-1
-1
-1
-1
10
-1
-1
-1
-1
95
-1
25
11
4
68
-1
-1
-1
175
-1
-1
-1
-1
-1
-1
-1
-1
-1
-1
-1
-1
-1
-1
54
11
4
55
-1
-1
70
-1
-1
-1
-1
-1
-1
-1
-1
-1
-1
-1
-1
-1
-1
62
25
11
4
-1
53
-1
-1
-1
-1
-1
-1
-1
-1
-1
-1
25
-1
-1
-1
-1
-1
62
25
11
19
-1
53
-1
-1
-1
-1
-1
-1
-1
-1
-1
-1
25
-1
-1
-1
-1
-1
62
25
11
15
-1
54
-1
-1
-1
-1
-1
-1
-1
-1
-1
-1
10
-1
-1
-1
-1
-1
62
25
11
-1
15
41
-1
-1
-1
-1
-1
-1
-1
-1
-1
-1
-1
-1
-1
-1
-1
-1
62
25
11
-1
15
41
-1
-1
-1
-1
-1
-1
-1
-1
-1
1
-1
-1
-1
-1
-1
33
29
25
11
-1
15
25
-1
-1
-1
-1
-1
-1
-1
-1
-1
1
-1
-1
-1
-1
-1
33
29
25
11
-1
15
25
-1
-1
-1
-1
-1
-1
-1
-1
-1
-1
-1
-1
-1
-1
-1
33
29
25
5
-1
15
17
-1
-1
-1
-1
-1
-1
-1
-1
-1
-1
-1
-1
-1
-1
-1
33
29
25
-1
-1
15
25
-1
-1
-1
-1
