0
0
555
555
0
0
0
0
0
0
0
0
0
0
0
0
0
0
0
0
0
0
0
0
580
580
0
0
0
0
0
0
0
0
0
0
0
0
0
0
0
0
0
0
0
0
0
0
0
0
0
0
0
0
0
0
0
0
0
0
0
0
0
0
0
0
0
0
0
0
0
0
0
0
0
0
0
0
0
0
0
0
0
0
0
0
0
0
1
0
0
0
0
0
0
0
0
0
0
0
0
0
0
0
0
0
0
0
0
1
2
0
0
0
0
0
0
0
0
0
0
0
0
0
0
0
0
0
0
0
0
2
0
0
0
0
0
0
0
0
0
0
125
0
0
427
0
0
0
0
0
0
1
3
0
0
0
0
0
0
0
0
0
27
0
0
0
453
0
0
0
0
0
0
4
6
0
0
0
0
0
0
0
0
0
78
0
0
0
464
0
0
0
0
0
0
18
939
0
0
0
0
0
0
0
0
0
0
0
0
511
960
0
0
0
0
0
0
0
0
0
0
0
0
0
0
0
0
127
108
0
0
492
0
0
0
0
0
0
0
4
523
0
0
0
0
0
0
0
0
99
0
0
0
521
0
0
0
0
0
0
0
171
738
0
0
0
0
0
0
0
0
0
0
0
0
511
0
0
0
0
0
0
0
160
707
0
0
0
0
0
0
0
0
0
0
0
587
0
0
0
0
0
0
0
432
433
999
0
0
0
0
0
0
0
0
0
0
0
623
0
0
0
0
0
0
0
336
340
1457
0
0
0
0
0
0
0
0
0
0
0
594
0
0
0
0
0
0
0
0
0
0
112
0
0
0
0
0
0
0
0
0
0
591
0
0
0
0
0
0
0
0
0
112
0
0
0
0
0
0
0
0
0
0
0
616
0
0
0
0
0
0
0
0
0
0
0
0
0
0
0
0
0
0
0
0
0
563
0
0
0
0
0
0
0
0
0
0
0
0
0
0
0
0
0
0
0
0
0
581
0
0
0
0
0
0
0
0
0
0
0
0
0
0
0
0
0
0
0
0
0
593
0
0
0
0
0
0
0
0
0
0
0
0
0
0
0
0
0
0
0
0
637
0
0
0
0
0
0
0
0
0
0
0
0
0
0
0
0
0
0
0
0
0
0
0
0
0
0
0
0
0
0
0
0
0
0
0
0
0
0
0
0
0
0
0
0
0
0
0
0
0
0
0
0
0
0
0
0
0
0
0
0
0
0
0
0
0
0
0
0
0
0
0
0
0
0
0
0
0
0
0
0
0
0
0
0
0
0
0
0
0
0
0
0
0
0
0
0
0
0
0
0
0
0
0
0
0
0
0
0
0
0
0
0
0
0
0
0
0
0
0
0
0
0
0
0
0
0
0
0
0
0
0
0
0
0
0
0
0
0
0
0
0
0
0
0
0
0
0
0
0
0
0
0
0
0
0
0
0
0
0
0
0
0
769
0
0
0
0
0
0
0
0
0
0
0
0
0
0
0
0
0
0
0
0
639
2135
0
0
0
0
0
0
0
0
0
0
0
0
0
0
0
0
0
0
0
0
2374
0
0
0
0
0
0
0
0
0
0
0
0
0
0
0
0
0
0
0
0
0
0
0
0
0
0
0
0
0
0
0
0
0
0
0
0
0
0
0
0
0
0
854
0
0
0
0
0
0
0
0
0
0
0
0
0
0
0
0
0
0
0
0
145
1762
0
0
0
0
0
0
0
0
0
0
0
0
0
0
0
0
0
0
0
0
0
0
0
0
0
0
0
0
0
0
0
0
0
0
0
0
0
0
0
0
0
0
0
0
0
0
0
0
0
0
0
0
0
0
0
0
0
0
0
0
0
0
0
0
0
0
0
0
0
0
0
0
0
0
0
0
0
0
0
0
0
0
0
0
0
0
0
0
0
1413
0
0
0
0
0
0
0
0
0
0
0
0
0
0
0
0
0
0
321
517
563
2821
0
0
0
0
0
0
0
0
0
0
0
0
0
0
0
0
0
0
1614
3326
1158
3526
0
0
0
0
0
0
0
0
0
0
0
0
0
0
0
0
0
0
1855
0
0
0
0
0
0
0
0
0
0
0
0
0
0
0
0
0
0
0
0
0
1912
0
0
0
0
36
0
0
0
0
0
0
0
0
0
1
1
1
0
0
0
0
1547
0
0
0
0
73
0
0
0
0
0
0
0
0
0
6
6
6
0
0
0
1170
0
0
0
0
0
65
0
0
0
0
0
0
0
0
0
4
4
4
0
0
0
1162
0
0
0
0
0
1065
0
0
0
0
0
0
0
0
0
4
605
605
0
0
0
0
0
0
0
0
204
0
0
0
0
0
0
0
0
0
0
4
773
773
0
0
873
0
0
0
0
0
0
0
0
0
0
0
0
0
0
0
0
0
0
0
0
0
3203
0
0
0
0
0
0
1116
0
0
0
0
0
0
0
0
0
1
0
0
0
0
3218
0
0
0
0
0
0
0
0
0
0
0
0
0
0
0
1140
12
0
0
0
0
3218
0
0
0
0
0
0
0
0
0
0
0
0
0
0
0
0
2
0
0
0
0
3277
0
0
0
0
0
650
0
0
0
0
0
0
0
0
0
0
3
0
0
0
2548
3920
0
0
0
0
552
0
0
0
0
0
0
0
0
0
0
0
0
0
0
0
2884
0
0
0
0
0
1096
0
0
0
0
0
0
0
0
0
0
0
0
0
0
0
3605
0
0
0
0
0
0
0
0
0
0
0
0
0
0
0
0
0
0
0
0
740
3692
0
0
0
0
0
0
0
0
0
0
0
0
0
0
0
0
0
0
0
0
2083
3857
0
0
0
0
0
0
0
0
0
0
0
0
0
0
0
0
0
0
0
0
2046
3852
0
0
0
0
0
0
0
0
0
0
0
0
0
0
0
0
0
0
0
0
2533
3781
0
0
0
0
0
0
458
0
0
0
0
0
0
0
0
0
0
0
0
1001
0
0
0
0
0
0
0
0
886
0
0
0
0
0
0
0
0
0
0
0
0
0
0
0
0
0
0
0
0
1646
1325
0
0
0
0
0
0
0
0
0
0
0
0
0
0
0
0
0
0
0
0
518
0
0
0
0
0
0
0
0
0
0
0
0
0
0
0
0
0
0
0
0
0
545
0
0
0
0
0
0
0
0
0
0
0
0
0
0
3219
0
0
0
0
0
491
0
0
0
0
0
0
0
0
0
0
0
0
0
0
2154
0
0
0
0
0
0
0
0
0
0
0
0
0
0
0
0
0
0
0
0
0
2187
0
0
0
0
0
0
0
0
0
0
0
0
0
0
0
0
0
0
0
0
0
2196
0
0
0
0
0
0
0
0
0
0
0
0
0
0
0
0
0
0
0
0
0
2181
0
0
0
0
0
0
0
0
0
0
0
0
0
0
0
0
0
0
0
0
0
2131
0
0
0
0
0
0
0
0
0
0
0
0
0
0
0
0
0
0
0
0
0
0
0
0
0
0
0
0
0
0
0
0
0
0
0
0
0
0
0
0
0
0
0
0
0
0
0
0
0
0
0
0
0
0
0
0
0
0
0
0
0
0
0
0
0
0
0
0
0
0
0
0
0
0
0
0
0
0
0
0
0
0
0
0
0
0
0
0
0
0
0
0
0
0
0
0
0
0
