0
0
555
0
0
0
0
0
0
0
0
1257
4095
2274
0
0
227
1
0
0
0
0
0
0
580
0
0
0
0
0
0
0
0
1295
4095
2329
0
4
34
0
0
0
0
0
0
0
587
0
0
0
0
0
0
0
0
4095
4095
1577
0
84
143
0
0
0
0
0
0
861
567
0
0
0
0
0
0
0
2
4095
4095
432
0
70
366
0
0
0
0
0
0
1386
549
0
0
0
0
0
0
0
12
4095
0
457
0
43
403
0
0
0
0
1
0
1396
564
0
0
0
0
0
0
0
20
4095
0
482
0
86
421
0
0
0
0
2
1474
1360
536
0
0
0
0
0
0
0
125
3579
391
427
0
69
239
0
0
0
1
1
1780
1385
551
0
0
0
0
0
0
27
156
0
528
453
91
45
0
0
0
0
4
2
1570
1392
0
0
0
0
0
0
0
78
103
106
533
464
263
0
0
0
0
0
8
412
1585
1433
0
0
0
0
0
0
29
108
0
579
511
448
7
0
0
0
0
0
10
508
1797
1402
165
0
0
0
0
0
69
747
0
632
492
421
193
0
0
0
0
0
4
519
1728
586
411
0
0
0
0
0
99
1275
634
622
521
433
206
0
0
0
0
0
171
567
1746
0
408
0
0
0
0
0
947
1214
579
535
511
448
188
0
0
0
0
0
160
547
1737
0
0
0
0
0
0
98
1238
1193
573
587
515
438
159
0
0
0
0
432
1
566
248
172
0
0
0
0
0
0
1236
1324
636
623
521
347
131
0
0
0
0
336
2
574
0
176
0
0
0
0
47
0
1237
1261
626
594
359
123
136
0
0
0
0
0
1
543
0
76
0
0
0
0
47
0
1207
1342
608
591
320
11
119
0
0
0
0
0
0
112
0
0
0
0
0
0
0
715
1196
0
620
616
411
3
0
0
0
0
3
0
0
0
0
0
0
0
0
0
0
1110
1250
0
633
563
376
5
0
0
0
0
24
0
0
0
0
0
0
0
0
56
0
1163
0
0
625
581
90
359
0
0
0
0
24
0
0
0
0
0
0
0
0
0
0
1141
0
0
637
593
47
520
0
0
0
37
22
0
0
0
0
0
0
0
0
0
0
229
0
0
537
232
32
230
0
0
0
84
0
0
0
0
0
0
0
0
0
0
0
0
0
0
326
0
5
0
0
0
0
78
0
0
0
0
0
0
0
0
0
0
0
0
0
0
397
0
0
0
0
0
0
67
0
0
0
0
0
0
0
0
29
0
0
0
0
0
213
0
0
0
0
0
0
0
0
0
0
0
0
0
0
0
0
0
0
0
0
0
0
0
0
0
0
0
0
0
0
0
0
0
0
0
0
0
0
0
0
0
0
0
0
0
0
0
0
0
0
0
0
0
0
0
0
0
0
0
0
0
0
0
0
0
0
0
0
0
0
0
0
0
0
769
0
0
0
0
0
0
0
0
0
0
0
0
0
0
0
0
0
0
0
0
0
1366
0
0
0
0
0
5
0
0
0
0
0
3
0
0
0
0
0
0
0
0
639
1321
0
0
0
0
0
19
0
0
0
0
90
39
0
0
0
0
0
0
0
0
2374
857
0
0
0
0
0
0
0
0
0
0
69
69
0
0
0
0
0
0
0
0
4095
864
0
0
0
0
0
0
0
0
0
0
46
0
0
0
0
0
0
0
0
854
2350
891
0
0
0
0
0
0
0
0
0
0
47
0
0
0
0
0
0
0
0
392
432
164
0
0
0
0
79
0
0
0
0
8
0
0
0
0
0
0
0
0
0
420
461
162
0
0
0
0
0
0
0
0
0
12
0
0
0
0
0
0
0
0
0
389
462
162
0
0
0
0
0
0
0
0
0
0
0
0
0
0
0
0
0
0
145
415
488
1413
0
0
0
40
0
0
0
0
0
0
0
0
0
0
0
0
0
0
321
517
563
1408
0
0
0
47
0
0
0
0
0
0
0
0
0
0
0
0
0
0
324
474
594
705
0
0
0
0
0
0
0
0
0
0
0
0
0
0
0
29
0
0
323
374
603
569
0
0
131
0
0
0
0
0
0
0
0
0
0
0
0
39
0
0
1855
2240
4095
1175
0
0
118
0
0
0
0
0
0
0
0
0
0
0
0
32
0
1148
1912
2183
1278
1127
0
36
319
301
0
0
0
0
0
0
0
1
0
0
21
9
0
1205
1547
2548
1371
1136
0
73
154
357
0
0
0
0
0
0
0
6
0
0
99
0
0
1170
1302
4095
1315
689
0
65
141
373
0
0
0
0
0
0
0
4
0
0
99
0
0
1162
1391
4095
1340
1608
163
1065
1160
359
0
0
0
0
0
0
0
4
601
0
92
0
0
1179
1357
4095
1257
2324
204
1110
1147
0
0
0
0
0
0
0
0
4
768
0
0
0
873
1145
1319
4095
2565
2661
512
1134
1182
0
0
0
0
0
0
0
0
1
0
0
0
0
3203
569
1352
4095
4095
2376
729
1116
904
0
0
0
0
0
0
0
1140
3
0
0
0
0
3218
358
1380
4095
4095
1158
694
1122
0
0
0
0
0
0
0
0
1866
3
0
0
0
0
3218
358
1374
4095
4095
0
632
1093
0
0
0
0
0
0
0
671
1844
2
0
0
0
0
3277
368
1373
4095
4095
109
650
912
0
0
0
0
0
0
0
1729
1838
3
0
0
0
2548
1372
175
1359
4095
0
552
661
0
0
0
0
0
0
0
0
1794
1861
0
0
0
0
2884
1211
348
1362
4095
0
537
619
0
0
0
0
0
0
0
823
1771
1844
0
0
0
0
3605
490
361
1405
3532
389
559
475
0
0
0
0
0
0
0
1365
1744
1826
0
0
0
740
2952
403
372
1347
907
495
538
413
0
0
0
0
0
0
0
1396
1764
1864
0
0
0
2083
1774
238
362
1328
931
474
561
436
0
0
0
0
0
0
0
1391
1703
690
0
0
0
2046
1806
243
383
1338
464
522
526
458
0
0
0
0
0
0
0
1423
1748
0
0
0
1001
2533
1248
314
392
1329
436
486
540
428
0
0
0
0
0
0
0
1390
1070
0
0
0
1613
1481
2260
991
340
1376
438
514
545
438
0
0
0
0
0
0
0
1389
0
0
0
0
2203
1892
2238
1022
366
1154
458
523
556
416
0
0
0
0
0
0
0
1385
0
0
0
0
2189
1906
2306
996
339
289
437
499
518
342
0
27
0
0
0
0
0
570
0
0
0
0
1431
1261
2288
1016
371
274
459
489
545
268
14
56
0
0
0
0
0
0
0
0
0
0
1403
3219
876
1011
366
281
451
491
532
84
73
34
0
0
0
0
0
0
0
0
0
0
2154
1941
2241
997
357
271
462
499
217
0
70
0
0
0
0
0
0
437
0
0
0
0
2187
1908
2272
986
345
276
423
498
0
0
22
0
0
0
0
0
0
426
0
0
0
0
2196
1899
2214
1029
0
277
90
396
0
0
10
0
0
0
0
0
0
174
0
0
0
0
2181
1914
2232
1002
0
262
144
0
0
40
0
0
0
0
0
0
0
0
0
0
0
0
2131
1964
2242
1000
0
284
346
0
0
40
0
0
0
0
0
0
16
0
0
0
0
0
2825
4095
2296
971
0
265
186
0
0
0
0
0
0
0
0
0
14
0
0
0
0
0
1270
4095
2267
963
0
276
173
0
0
0
0
0
0
0
0
0
0
0
0
0
0
0
1291
4095
2313
461
0
270
63
0
0
0
0
0
0
0
0
0
0
0
0
0
0
0
1295
4095
2320
0
0
113
23
0
0
0
0
