0
0
0
0
561
0
0
0
0
0
0
1303
4095
2332
0
0
241
1
0
0
0
0
0
0
0
0
559
0
0
0
0
0
0
1259
4095
2232
0
3
34
0
0
0
0
0
0
582
0
0
0
0
0
0
0
0
0
4095
4095
1533
0
98
142
1
0
0
0
0
0
1377
0
0
0
0
0
0
0
0
4
4095
4095
473
0
56
358
0
0
0
0
0
0
1989
0
0
0
0
0
0
0
0
28
4095
0
968
0
42
405
0
0
0
0
0
0
1399
574
0
0
0
0
0
0
0
0
4095
0
0
0
87
666
0
0
0
0
0
1473
1382
543
0
0
0
0
0
0
0
0
4095
0
0
462
72
0
0
0
0
0
0
1771
1361
544
0
0
0
0
0
0
0
199
1817
0
0
537
41
0
0
0
0
0
0
4095
1379
0
0
0
0
0
0
0
0
184
0
0
0
680
0
0
0
0
0
0
0
0
1404
0
0
0
0
0
0
0
0
0
0
0
0
987
0
0
0
0
0
0
0
2283
1436
162
0
0
0
0
0
0
1552
0
0
0
958
211
0
0
0
0
0
0
0
2494
567
396
0
0
0
0
0
0
2654
0
0
0
979
234
0
0
0
0
0
0
0
2499
0
400
0
0
0
0
918
0
4095
0
0
0
961
189
0
0
0
0
0
0
0
2722
0
0
0
0
0
0
1346
0
0
0
0
1147
449
169
0
0
0
0
0
0
0
1152
171
0
0
0
0
0
0
1264
1876
0
0
1147
352
134
0
0
0
0
0
0
0
0
161
0
0
0
0
41
0
1186
1894
0
0
929
99
239
0
0
0
0
0
0
637
0
61
0
0
0
0
49
0
1237
1918
0
0
962
11
0
0
0
0
0
0
0
0
0
0
0
0
0
0
0
737
1214
1292
0
0
1058
4
0
0
0
0
5
0
0
0
0
0
0
0
0
0
0
1174
1237
0
0
0
912
8
0
0
0
0
42
0
0
0
0
0
0
0
0
52
0
1153
624
0
0
0
653
336
0
0
0
0
0
0
0
0
0
0
0
0
0
0
0
1346
0
0
0
0
661
754
0
0
0
49
0
0
0
0
0
0
0
0
0
0
0
0
0
0
1438
0
32
0
0
0
0
85
0
0
0
0
0
0
0
0
0
0
0
0
0
0
320
0
0
0
0
0
0
83
0
0
0
0
0
0
0
0
0
0
0
0
0
0
613
0
0
0
0
0
0
69
0
0
0
0
0
0
0
0
30
0
0
0
0
44
0
0
0
0
0
0
0
0
0
0
0
0
0
0
0
0
0
0
0
0
0
0
0
0
0
0
0
0
0
0
0
0
0
0
0
0
0
0
0
0
0
0
0
0
0
0
0
0
0
0
0
0
0
0
0
0
0
0
0
0
0
0
0
0
0
0
0
0
0
0
0
0
0
0
0
0
0
0
0
0
0
0
0
0
0
0
0
0
0
0
0
0
0
0
0
0
0
0
0
0
0
0
0
5
0
0
0
0
0
0
0
0
0
0
0
0
0
0
0
4095
0
0
0
0
0
109
0
0
0
0
0
0
0
0
0
0
0
0
0
0
0
4095
0
0
0
0
0
143
0
0
0
0
0
0
0
0
0
0
0
0
0
0
4095
0
0
0
0
0
0
103
0
0
0
0
0
0
0
0
0
0
0
0
0
0
4095
0
0
0
0
0
0
0
0
0
0
0
0
0
0
0
0
0
0
0
0
0
4095
0
0
0
0
0
90
0
0
0
0
0
0
0
0
0
0
0
0
0
0
0
0
0
0
0
0
0
14
0
0
0
0
0
0
0
0
0
0
0
0
0
0
0
0
0
0
0
0
0
0
0
0
0
0
0
0
0
0
0
0
0
0
0
0
0
0
0
0
0
0
46
0
0
0
0
0
0
0
0
0
0
0
0
0
0
0
0
0
0
0
0
0
49
0
0
0
0
0
0
0
0
0
0
0
0
0
0
0
0
0
0
0
0
0
0
0
0
0
0
0
0
0
0
0
0
0
28
0
0
0
0
4095
4095
0
0
123
0
0
0
0
0
0
0
0
0
0
0
0
31
0
0
0
4095
4095
1131
0
0
132
0
0
0
0
0
0
0
0
0
0
0
0
1245
0
0
0
4095
1284
1079
0
0
400
283
0
0
0
0
0
0
0
0
0
0
40
1171
0
0
0
4095
1284
1131
0
0
235
792
0
0
0
0
0
0
0
0
0
0
105
0
0
0
2574
4095
1314
714
0
0
1321
0
0
0
0
0
0
0
0
0
0
0
88
0
0
0
2563
4095
1241
4095
0
0
2718
0
0
0
0
0
0
0
0
0
0
0
681
0
0
1144
1331
4095
1341
0
0
0
2256
0
0
0
0
0
0
0
0
0
0
0
744
0
0
2102
1376
4095
2584
2642
713
0
2300
0
0
0
0
0
0
0
0
0
0
0
0
0
0
3787
1375
4095
4095
2325
780
0
919
0
0
0
0
0
0
0
0
0
0
0
0
0
0
3602
1395
4095
4095
1159
1345
1094
0
0
0
0
0
0
0
3011
0
0
12
0
0
0
0
3583
1337
4095
4095
104
0
1121
0
0
0
0
0
0
0
2540
0
0
4
0
0
0
0
3625
1366
4095
4095
0
0
1572
0
0
0
0
0
0
0
3598
0
0
2
0
0
0
0
4095
1363
4095
0
0
1227
0
0
0
0
0
0
0
0
3593
0
0
0
0
0
0
4095
370
1318
4095
0
0
3101
0
0
0
0
0
0
0
848
3551
0
0
0
0
0
0
4095
365
1418
3899
0
0
0
0
0
0
0
0
0
0
1425
1743
1875
0
0
0
0
0
4095
349
1390
1910
0
0
0
0
0
0
0
0
0
0
2830
1735
1887
0
0
0
0
0
4095
365
1393
3423
0
0
0
0
0
0
0
0
0
0
0
1758
756
0
0
0
0
0
4095
339
1341
0
0
0
0
0
0
0
0
0
0
0
1372
1760
0
0
0
0
0
0
4095
359
2852
0
0
0
0
0
0
0
0
0
0
0
1426
1049
0
0
0
4095
0
2237
975
362
2264
0
0
0
0
0
0
0
0
0
0
0
1383
0
0
0
0
4095
0
2269
1006
364
2069
0
0
0
2900
0
0
0
0
0
0
0
1395
0
0
0
0
4095
0
2259
1058
351
1181
0
0
0
875
0
0
0
0
0
0
0
567
0
0
0
0
4095
0
2223
1017
346
1215
0
0
0
1154
0
0
0
0
0
0
0
0
0
0
0
0
0
0
4095
984
368
990
0
0
1223
0
0
0
0
0
0
0
0
0
0
0
0
0
0
4095
2238
981
356
0
939
0
0
0
0
0
0
0
0
0
0
423
0
0
0
0
0
4095
2268
1018
620
0
938
0
0
0
0
0
0
0
0
0
0
455
0
0
0
0
0
4095
2268
1019
286
0
502
0
0
0
0
0
0
0
0
0
0
190
0
0
0
0
0
4095
2256
958
0
271
177
0
0
0
0
0
0
0
0
0
0
0
0
0
0
0
0
4095
2295
982
0
248
364
0
0
0
0
0
0
0
0
0
15
0
0
0
0
0
2789
4095
2248
996
0
280
214
0
0
0
0
0
0
0
0
0
15
0
0
0
0
0
1317
4095
2222
1003
0
270
151
0
0
0
0
0
0
0
0
0
0
0
0
0
0
0
1289
4095
2185
471
0
285
63
0
0
0
0
0
0
0
0
0
0
0
0
0
0
0
1287
4095
2186
0
0
120
22
0
0
0
0
