49
0
0
15
25
50
0
23
23
22
37
25
19
41
80
0
25
44
201
103
25
90
88
61
0
43
54
0
0
40
63
25
27
29
40
0
79
119
0
27
27
25
25
0
0
50
61
29
0
29
103
58
0
92
27
26
479
310
25
40
25
0
122
0
0
407
31
107
97
148
25
158
94
69
0
4
15
270
139
0
130
33
3
13
22
65
29
0
226
100
25
9
180
31
0
441
37
120
0
0
0
108
35
45
69
75
49
333
437
133
10
-1
230
0
208
116
213
-7
169
56
172
27
34
34
0
0
34
123
171
29
60
152
24
129
70
0
96
70
61
47
108
102
0
364
-1
40
583
-3
80
71
192
236
644
36
0
0
0
3
59
48
68
50
221
256
4
