-1
-1
-1
-1
10
-1
-1
-1
-1
-1
-1
34
29
25
-1
-1
15
4
-1
-1
-1
-1
-1
-1
-1
-1
10
-1
-1
-1
-1
-1
-1
34
29
25
-1
1
15
-1
-1
-1
-1
-1
-1
10
-1
-1
-1
-1
-1
-1
-1
-1
-1
34
29
25
-1
4
15
20
-1
-1
-1
-1
-1
25
-1
-1
-1
-1
-1
-1
-1
-1
3
34
18
25
-1
3
15
-1
-1
-1
-1
-1
-1
43
-1
-1
-1
-1
-1
-1
-1
-1
27
34
-1
50
-1
3
38
-1
-1
-1
-1
-1
-1
45
10
-1
-1
-1
-1
-1
-1
-1
-1
34
-1
-1
-1
4
54
-1
-1
-1
-1
-1
54
25
10
-1
-1
-1
-1
-1
-1
-1
-1
64
-1
-1
25
4
-1
-1
-1
-1
-1
-1
73
25
10
-1
-1
-1
-1
-1
-1
-1
38
99
-1
-1
36
22
-1
-1
-1
-1
-1
-1
170
25
-1
-1
-1
-1
-1
-1
-1
-1
50
-1
-1
-1
36
32
-1
-1
-1
-1
-1
-1
-1
25
-1
-1
-1
-1
-1
-1
-1
-1
-1
-1
-1
-1
59
30
-1
-1
-1
-1
-1
-1
86
25
10
-1
-1
-1
-1
-1
-1
146
-1
-1
-1
54
11
60
-1
-1
-1
-1
-1
-1
91
10
24
-1
-1
-1
-1
-1
-1
137
-1
-1
-1
54
11
-1
-1
-1
-1
-1
-1
-1
89
-1
24
-1
-1
-1
-1
33
-1
174
-1
-1
-1
54
38
-1
-1
-1
-1
-1
-1
-1
97
-1
-1
-1
-1
-1
-1
45
-1
-1
-1
-1
63
25
39
-1
-1
-1
-1
-1
-1
-1
51
10
-1
-1
-1
-1
-1
-1
33
70
-1
-1
63
25
34
-1
-1
-1
-1
-1
-1
-1
-1
10
-1
-1
-1
-1
5
-1
33
70
-1
-1
63
25
57
-1
-1
-1
-1
-1
-1
28
-1
4
-1
-1
-1
-1
5
-1
33
70
-1
-1
63
25
-1
-1
-1
-1
-1
-1
-1
-1
-1
-1
-1
-1
-1
-1
-1
19
33
70
-1
-1
63
29
-1
-1
-1
-1
36
-1
-1
-1
-1
-1
-1
-1
-1
-1
-1
31
33
-1
-1
-1
56
40
-1
-1
-1
-1
33
-1
-1
-1
-1
-1
-1
-1
-1
6
-1
31
35
-1
-1
-1
44
36
-1
-1
-1
15
-1
-1
-1
-1
-1
-1
-1
-1
-1
-1
-1
37
-1
-1
-1
-1
42
54
-1
-1
-1
31
-1
-1
-1
-1
-1
-1
-1
-1
-1
-1
-1
-1
-1
-1
83
-1
20
-1
-1
-1
-1
40
-1
-1
-1
-1
-1
-1
-1
-1
-1
-1
-1
-1
-1
-1
35
-1
21
-1
-1
-1
-1
31
-1
-1
-1
-1
-1
-1
-1
-1
-1
-1
-1
-1
-1
-1
51
-1
38
-1
-1
-1
-1
20
-1
-1
-1
-1
-1
-1
-1
-1
3
-1
-1
-1
-1
16
-1
-1
88
-1
-1
-1
-1
-1
-1
-1
-1
-1
-1
-1
-1
-1
-1
-1
-1
-1
-1
-1
-1
-1
-1
-1
-1
-1
11
-1
-1
-1
-1
-1
-1
-1
-1
-1
-1
-1
-1
-1
-1
-1
-1
-1
-1
-1
-1
-1
6
-1
-1
-1
-1
-1
-1
-1
-1
-1
-1
-1
-1
-1
-1
-1
-1
-1
-1
-1
-1
-1
30
-1
-1
-1
-1
-1
-1
-1
-1
-1
-1
-1
-1
-1
-1
-1
-1
-1
-1
-1
-1
-1
90
-1
-1
-1
-1
-1
-1
-1
-1
1
-1
-1
-1
-1
-1
-1
-1
-1
-1
-1
-1
-1
-1
-1
-1
31
-1
-1
-1
-1
-1
27
-1
-1
-1
-1
-1
-1
-1
-1
-1
-1
-1
-1
-1
-1
-1
47
-1
-1
-1
-1
-1
51
-1
-1
-1
-1
-1
-1
-1
-1
-1
-1
-1
-1
-1
-1
57
-1
-1
-1
-1
-1
-1
60
-1
-1
-1
-1
-1
-1
-1
-1
-1
-1
-1
-1
-1
-1
75
-1
-1
-1
-1
-1
-1
-1
-1
-1
-1
-1
-1
-1
-1
-1
-1
-1
-1
-1
-1
-1
272
-1
-1
-1
-1
-1
18
-1
-1
-1
-1
-1
-1
-1
-1
-1
-1
-1
-1
-1
-1
-1
-1
-1
-1
-1
-1
-1
6
-1
-1
-1
-1
-1
-1
-1
-1
-1
-1
-1
-1
-1
-1
-1
-1
-1
-1
-1
-1
-1
-1
-1
-1
-1
-1
-1
-1
-1
-1
-1
-1
-1
-1
-1
-1
-1
-1
-1
-1
-1
-1
5
-1
-1
-1
-1
-1
-1
-1
-1
-1
-1
-1
-1
-1
-1
-1
-1
-1
-1
-1
-1
-1
5
-1
-1
-1
-1
-1
-1
-1
-1
-1
-1
-1
-1
-1
-1
-1
-1
-1
-1
-1
-1
-1
-1
-1
-1
-1
-1
-1
-1
-1
-1
-1
-1
-1
88
-1
-1
-1
-1
201
76
-1
-1
14
-1
-1
-1
-1
-1
-1
-1
-1
-1
-1
-1
-1
10
-1
-1
-1
40
27
30
-1
-1
30
-1
-1
-1
-1
-1
-1
-1
-1
-1
-1
-1
-1
14
-1
-1
-1
40
27
30
-1
-1
42
8
-1
-1
-1
-1
-1
-1
-1
-1
-1
-1
18
8
-1
-1
-1
40
27
30
-1
-1
42
20
-1
-1
-1
-1
-1
-1
-1
-1
-1
-1
64
-1
-1
-1
19
25
27
30
-1
-1
42
-1
-1
-1
-1
-1
-1
-1
-1
-1
-1
-1
64
-1
-1
-1
19
25
27
64
-1
-1
71
-1
-1
-1
-1
-1
-1
-1
-1
-1
-1
-1
87
-1
-1
4
15
25
27
-1
-1
-1
61
-1
-1
-1
-1
-1
-1
-1
-1
-1
-1
-1
70
-1
-1
7
15
25
27
12
54
-1
61
-1
-1
-1
-1
-1
-1
-1
-1
-1
-1
-1
-1
-1
-1
15
15
25
27
10
20
-1
24
-1
-1
-1
-1
-1
-1
-1
-1
-1
-1
-1
-1
-1
-1
15
15
25
27
6
52
30
-1
-1
-1
-1
-1
-1
-1
53
-1
-1
105
-1
-1
-1
-1
15
15
25
27
6
-1
30
-1
-1
-1
-1
-1
-1
-1
45
-1
-1
35
-1
-1
-1
-1
15
15
25
22
-1
-1
54
-1
-1
-1
-1
-1
-1
-1
64
-1
-1
35
-1
-1
-1
-1
35
15
25
-1
-1
60
-1
-1
-1
-1
-1
-1
-1
-1
64
-1
-1
-1
-1
-1
-1
36
4
15
25
-1
-1
164
-1
-1
-1
-1
-1
-1
-1
15
64
-1
-1
-1
-1
-1
-1
36
4
15
40
-1
-1
-1
-1
-1
-1
-1
-1
-1
-1
25
31
33
-1
-1
-1
-1
-1
47
4
15
67
-1
-1
-1
-1
-1
-1
-1
-1
-1
-1
50
31
33
-1
-1
-1
-1
-1
65
4
15
149
-1
-1
-1
-1
-1
-1
-1
-1
-1
-1
-1
31
13
-1
-1
-1
-1
-1
65
4
15
-1
-1
-1
-1
-1
-1
-1
-1
-1
-1
-1
25
31
-1
-1
-1
-1
-1
-1
65
4
97
-1
-1
-1
-1
-1
-1
-1
-1
-1
-1
-1
25
19
-1
-1
-1
84
-1
25
11
4
67
-1
-1
-1
-1
-1
-1
-1
-1
-1
-1
-1
25
-1
-1
-1
-1
63
-1
25
11
4
67
-1
-1
-1
160
-1
-1
-1
-1
-1
-1
-1
25
-1
-1
-1
-1
63
-1
25
11
4
67
-1
-1
-1
55
-1
-1
-1
-1
-1
-1
-1
10
-1
-1
-1
-1
97
-1
25
11
4
67
-1
-1
-1
175
-1
-1
-1
-1
-1
-1
-1
-1
-1
-1
-1
-1
-1
-1
54
11
4
55
-1
-1
69
-1
-1
-1
-1
-1
-1
-1
-1
-1
-1
-1
-1
-1
-1
63
25
11
4
-1
52
-1
-1
-1
-1
-1
-1
-1
-1
-1
-1
25
-1
-1
-1
-1
-1
63
25
11
19
-1
52
-1
-1
-1
-1
-1
-1
-1
-1
-1
-1
25
-1
-1
-1
-1
-1
63
25
11
15
-1
53
-1
-1
-1
-1
-1
-1
-1
-1
-1
-1
10
-1
-1
-1
-1
-1
63
25
11
-1
15
41
-1
-1
-1
-1
-1
-1
-1
-1
-1
-1
-1
-1
-1
-1
-1
-1
63
25
11
-1
15
41
-1
-1
-1
-1
-1
-1
-1
-1
-1
1
-1
-1
-1
-1
-1
34
29
25
11
-1
15
25
-1
-1
-1
-1
-1
-1
-1
-1
-1
1
-1
-1
-1
-1
-1
34
29
25
11
-1
15
25
-1
-1
-1
-1
-1
-1
-1
-1
-1
-1
-1
-1
-1
-1
-1
34
29
25
5
-1
15
17
-1
-1
-1
-1
-1
-1
-1
-1
-1
-1
-1
-1
-1
-1
-1
34
29
25
-1
-1
15
25
-1
-1
-1
-1
