0
0
561
561
0
0
0
0
0
0
0
0
0
0
0
0
0
0
0
0
0
0
0
0
559
559
0
0
0
0
0
0
0
0
0
0
0
0
0
0
0
0
0
0
0
0
0
0
0
0
0
0
0
0
0
0
0
0
0
0
0
0
0
0
0
0
0
0
0
0
0
0
0
0
0
0
0
0
0
0
0
0
0
0
0
0
0
0
1
0
0
0
0
0
0
0
0
0
0
0
0
0
0
0
0
0
0
0
0
1
1
0
0
0
0
0
0
0
0
0
0
0
0
0
0
0
0
0
0
0
0
1
0
0
0
0
0
0
0
0
0
0
111
0
0
462
0
0
0
0
0
0
1
3
0
0
0
0
0
0
0
0
0
28
0
0
0
439
0
0
0
0
0
0
2
4
0
0
0
0
0
0
0
0
0
80
0
0
0
438
0
0
0
0
0
0
15
954
0
0
0
0
0
0
0
0
0
0
0
0
527
979
0
0
0
0
0
0
0
0
0
0
0
0
0
0
0
0
122
93
0
0
516
0
0
0
0
0
0
0
10
566
0
0
0
0
0
0
0
0
84
0
0
0
520
0
0
0
0
0
0
0
180
762
0
0
0
0
0
0
0
0
0
0
0
0
516
0
0
0
0
0
0
0
178
732
0
0
0
0
0
0
0
0
0
0
0
608
0
0
0
0
0
0
0
411
413
985
0
0
0
0
0
0
0
0
0
0
0
638
0
0
0
0
0
0
0
315
317
869
0
0
0
0
0
0
0
0
0
0
0
631
0
0
0
0
0
0
0
0
1
0
0
0
0
0
0
0
0
0
0
0
0
600
0
0
0
0
0
0
0
0
0
0
0
0
0
0
0
0
0
0
0
0
0
606
0
0
0
0
0
0
0
0
0
0
0
0
0
0
0
0
0
0
0
0
0
634
0
0
0
0
0
0
0
0
0
0
0
0
0
0
0
0
0
0
0
0
0
588
0
0
0
0
0
0
0
0
0
0
0
0
0
0
0
0
0
0
0
0
0
619
0
0
0
0
0
0
0
0
0
0
0
0
0
0
0
0
0
0
0
0
662
0
0
0
0
0
0
0
0
0
0
0
0
0
0
0
0
0
0
0
0
0
0
0
0
0
0
0
0
0
0
0
0
0
0
0
0
0
0
0
0
0
0
0
0
0
0
0
0
0
0
0
0
0
0
0
0
0
0
0
0
0
0
0
0
0
0
0
0
0
0
0
0
0
0
0
0
0
0
0
0
0
0
0
0
0
0
0
0
0
0
0
0
0
0
0
0
0
0
0
0
0
0
0
0
0
0
0
0
0
0
0
0
0
0
0
0
0
0
0
0
0
0
0
0
0
0
0
0
0
0
0
0
0
0
0
0
0
0
0
0
0
0
0
0
0
0
0
0
0
0
0
0
0
0
0
0
0
0
0
0
0
0
788
0
0
0
0
0
0
0
0
0
0
0
0
0
0
0
0
0
0
0
0
660
2085
0
0
0
0
0
0
0
0
0
0
0
0
0
0
0
0
0
0
0
0
2366
0
0
0
0
0
0
0
0
0
0
0
0
0
0
0
0
0
0
0
0
0
0
0
0
0
0
0
0
0
0
0
0
0
0
0
0
0
0
0
0
0
0
874
0
0
0
0
0
0
0
0
0
0
0
0
0
0
0
0
0
0
0
0
146
1808
0
0
0
0
0
0
0
0
0
0
0
0
0
0
0
0
0
0
0
0
0
0
0
0
0
0
0
0
0
0
0
0
0
0
0
0
0
0
0
0
0
0
0
0
0
0
0
0
0
0
0
0
0
0
0
0
0
0
0
0
0
0
0
0
0
0
0
0
0
0
0
0
0
0
0
0
0
0
0
0
0
0
0
0
0
0
0
0
0
1424
0
0
0
0
0
0
0
0
0
0
0
0
0
0
0
0
0
0
321
536
562
2820
0
0
0
0
0
0
0
0
0
0
0
0
0
0
0
0
0
0
1599
3436
1117
3524
0
0
0
0
0
0
0
0
0
0
0
0
0
0
0
0
0
0
1827
0
0
0
0
0
0
0
0
0
0
0
0
0
0
0
0
0
0
0
0
0
1846
0
0
0
0
35
0
0
0
0
0
0
0
0
0
1
1
1
0
0
0
0
1531
0
0
0
0
59
0
0
0
0
0
0
0
0
0
3
3
3
0
0
0
1221
0
0
0
0
0
77
0
0
0
0
0
0
0
0
0
3
3
3
0
0
0
1183
0
0
0
0
0
1173
0
0
0
0
0
0
0
0
0
6
594
594
0
0
0
0
0
0
0
0
0
1160
0
0
0
0
0
0
0
0
0
3
744
744
0
0
905
0
0
0
0
0
206
1123
0
0
0
0
0
0
0
0
0
0
0
0
0
0
3242
0
0
0
0
0
0
1125
0
0
0
0
0
0
0
0
0
4
0
0
0
0
3246
0
0
0
0
0
0
0
0
0
0
0
0
0
0
0
1155
19
0
0
0
0
3225
0
0
0
0
0
0
0
0
0
0
0
0
0
0
0
0
4
0
0
0
0
3265
0
0
0
0
0
654
0
0
0
0
0
0
0
0
0
0
2
0
0
0
2581
3952
0
0
0
0
593
0
0
0
0
0
0
0
0
0
0
0
0
0
0
0
2934
0
0
0
0
0
1083
0
0
0
0
0
0
0
0
0
0
0
0
0
0
0
3586
0
0
0
0
0
0
0
0
0
0
0
0
0
0
0
0
0
0
0
0
1151
3734
0
0
0
0
0
0
0
0
0
0
0
0
0
0
0
0
0
0
0
0
2063
3842
0
0
0
0
0
0
0
0
0
0
0
0
0
0
0
0
0
0
0
0
2063
3855
0
0
0
0
0
0
0
0
0
0
0
0
0
0
0
0
0
0
0
0
2521
3789
0
0
0
0
0
0
448
0
0
0
0
0
0
0
0
0
0
0
0
1016
0
0
0
0
0
0
0
0
924
0
0
0
0
0
0
0
0
0
0
0
0
0
0
0
0
0
0
0
0
1684
1358
0
0
0
0
0
0
0
0
0
0
0
0
0
0
0
0
0
0
0
0
548
0
0
0
0
0
0
0
0
0
0
0
0
0
0
0
0
0
0
0
0
0
556
0
0
0
0
0
0
0
0
0
0
0
0
0
0
3245
0
0
0
0
0
458
0
0
0
0
0
0
0
0
0
0
0
0
0
0
2258
0
0
0
0
0
0
0
0
0
0
0
0
0
0
0
0
0
0
0
0
0
2262
0
0
0
0
0
0
0
0
0
0
0
0
0
0
0
0
0
0
0
0
0
2214
0
0
0
0
0
0
0
0
0
0
0
0
0
0
0
0
0
0
0
0
0
2196
0
0
0
0
0
0
0
0
0
0
0
0
0
0
0
0
0
0
0
0
0
2189
0
0
0
0
0
0
0
0
0
0
0
0
0
0
0
0
0
0
0
0
0
0
0
0
0
0
0
0
0
0
0
0
0
0
0
0
0
0
0
0
0
0
0
0
0
0
0
0
0
0
0
0
0
0
0
0
0
0
0
0
0
0
0
0
0
0
0
0
0
0
0
0
0
0
0
0
0
0
0
0
0
0
0
0
0
0
0
0
0
0
0
0
0
0
0
0
0
0
