0
0
561
0
0
0
0
0
0
0
0
1303
4095
2332
0
0
241
1
0
0
0
0
0
0
559
0
0
0
0
0
0
0
0
1259
4095
2232
0
3
34
0
0
0
0
0
0
0
582
0
0
0
0
0
0
0
0
4095
4095
1533
0
98
142
0
0
0
0
0
0
815
562
0
0
0
0
0
0
0
4
4095
4095
473
0
56
358
1
0
0
0
0
0
1431
557
0
0
0
0
0
0
0
7
4095
0
477
0
42
405
0
0
0
0
1
0
1397
574
0
0
0
0
0
0
0
20
4095
0
490
0
87
418
0
0
0
0
1
1470
1382
543
0
0
0
0
0
0
0
111
3484
500
462
0
72
248
0
0
0
1
2
1767
1361
544
0
0
0
0
0
0
28
171
0
534
439
98
41
0
0
0
0
2
2
1568
1379
0
0
0
0
0
0
0
80
104
124
537
438
241
0
0
0
0
0
6
414
1572
1404
0
0
0
0
0
0
24
93
0
621
527
452
8
0
0
0
0
0
9
525
1716
1436
162
0
0
0
0
0
73
763
0
597
516
441
211
0
0
0
0
0
10
556
1731
567
396
0
0
0
0
0
84
1291
622
657
520
459
234
0
0
0
0
0
180
582
1766
0
400
0
0
0
0
0
918
1198
590
531
516
444
189
0
0
0
0
0
178
554
1737
0
0
0
0
0
0
112
1234
1208
567
608
539
449
169
0
0
0
0
411
2
571
283
171
0
0
0
0
0
0
1264
1259
617
638
509
352
134
0
0
0
0
315
2
552
0
161
0
0
0
0
41
0
1186
1285
609
631
298
99
127
0
0
0
0
0
1
524
0
61
0
0
0
0
49
0
1237
1300
618
600
361
11
111
0
0
0
0
0
0
111
0
0
0
0
0
0
0
737
1214
0
646
606
451
4
0
0
0
0
5
0
0
0
0
0
0
0
0
0
0
1174
1237
0
646
634
278
8
0
0
0
0
25
0
0
0
0
0
0
0
0
52
0
1153
0
0
624
588
65
336
0
0
0
0
17
0
0
0
0
0
0
0
0
0
0
1127
0
0
662
619
42
535
0
0
0
31
18
0
0
0
0
0
0
0
0
0
0
219
0
0
528
247
32
218
0
0
0
85
0
0
0
0
0
0
0
0
0
0
0
0
0
0
320
0
0
0
0
0
0
83
0
0
0
0
0
0
0
0
0
0
0
0
0
0
393
0
0
0
0
0
0
69
0
0
0
0
0
0
0
0
30
0
0
0
0
0
220
0
0
0
0
0
0
0
0
0
0
0
0
0
0
0
0
0
0
0
0
0
0
0
0
0
0
0
0
0
0
0
0
0
0
0
0
0
0
0
0
0
0
0
0
0
0
0
0
0
0
0
0
0
0
0
0
0
0
0
0
0
0
0
0
0
0
0
0
0
0
0
0
0
0
788
0
0
0
0
0
0
0
0
0
0
0
0
0
0
0
0
0
0
0
0
0
1297
0
0
0
0
0
5
0
0
0
0
0
1
0
0
0
0
0
0
0
0
660
1349
0
0
0
0
0
17
0
0
0
0
92
43
0
0
0
0
0
0
0
0
2366
885
0
0
0
0
0
0
0
0
0
0
79
64
0
0
0
0
0
0
0
0
4095
844
0
0
0
0
0
0
0
0
0
0
60
0
0
0
0
0
0
0
0
874
2362
859
0
0
0
0
0
0
0
0
0
0
42
0
0
0
0
0
0
0
0
435
442
164
0
0
0
0
85
0
0
0
0
5
0
0
0
0
0
0
0
0
0
408
472
170
0
0
0
0
0
0
0
0
0
14
0
0
0
0
0
0
0
0
0
419
430
162
0
0
0
0
0
0
0
0
0
0
0
0
0
0
0
0
0
0
146
398
445
1424
0
0
0
46
0
0
0
0
0
0
0
0
0
0
0
0
0
0
321
536
562
1396
0
0
0
49
0
0
0
0
0
0
0
0
0
0
0
0
0
0
316
502
555
704
0
0
0
0
0
0
0
0
0
0
0
0
0
0
0
28
0
0
323
399
580
571
0
0
123
0
0
0
0
0
0
0
0
0
0
0
0
31
0
0
1827
2268
4095
1131
0
0
97
0
0
0
0
0
0
0
0
0
0
0
0
31
0
1214
1846
2249
1284
1079
0
35
340
283
0
0
0
0
0
0
0
1
0
0
39
19
0
1152
1531
2564
1284
1131
0
59
158
393
0
0
0
0
0
0
0
3
0
0
102
0
0
1221
1353
4095
1314
714
0
77
147
399
0
0
0
0
0
0
0
3
0
0
85
0
0
1183
1380
4095
1241
1599
155
1173
1177
380
0
0
0
0
0
0
0
6
587
0
87
0
0
1144
1331
4095
1341
2341
206
1160
1133
0
0
0
0
0
0
0
0
3
741
0
0
0
905
1197
1376
4095
2584
2642
507
1123
1175
0
0
0
0
0
0
0
0
4
0
0
0
0
3242
545
1375
4095
4095
2325
780
1125
919
0
0
0
0
0
0
0
1155
2
0
0
0
0
3246
355
1395
4095
4095
1159
718
1094
0
0
0
0
0
0
0
0
1856
5
0
0
0
0
3225
358
1337
4095
4095
0
627
1121
0
0
0
0
0
0
0
683
1857
4
0
0
0
0
3265
360
1366
4095
4095
104
654
918
0
0
0
0
0
0
0
1706
1892
2
0
0
0
2581
1371
143
1363
4095
0
593
634
0
0
0
0
0
0
0
0
1722
1871
0
0
0
0
2934
1161
370
1318
4095
0
526
626
0
0
0
0
0
0
0
848
1696
1855
0
0
0
0
3586
509
365
1418
3528
371
557
457
0
0
0
0
0
0
0
1425
1743
1875
0
0
0
1151
2583
361
349
1390
913
495
501
473
0
0
0
0
0
0
0
1399
1735
1887
0
0
0
2063
1779
253
365
1393
910
478
557
461
0
0
0
0
0
0
0
1431
1758
756
0
0
0
2063
1791
240
339
1341
454
468
554
448
0
0
0
0
0
0
0
1372
1760
0
0
0
1016
2521
1268
306
359
1373
467
475
536
476
0
0
0
0
0
0
0
1426
1049
0
0
0
1635
1443
2237
975
362
1325
460
478
551
433
0
0
0
0
0
0
0
1383
0
0
0
0
2207
1888
2269
1006
364
1128
456
484
582
409
0
0
0
0
0
0
0
1395
0
0
0
0
2212
1883
2259
1058
351
258
449
474
548
326
0
33
0
0
0
0
0
567
0
0
0
0
1439
1218
2223
1017
346
276
454
484
556
256
13
49
0
0
0
0
0
0
0
0
0
0
1437
3245
850
984
368
256
458
458
546
68
69
37
0
0
0
0
0
0
0
0
0
0
2258
1837
2238
981
356
275
434
504
219
0
53
0
0
0
0
0
0
423
0
0
0
0
2262
1833
2268
1018
351
269
446
491
0
0
17
0
0
0
0
0
0
455
0
0
0
0
2214
1881
2268
1019
0
286
88
405
0
0
9
0
0
0
0
0
0
190
0
0
0
0
2196
1899
2256
958
0
271
141
0
0
35
0
0
0
0
0
0
0
0
0
0
0
0
2189
1906
2295
982
0
248
324
0
0
39
0
0
0
0
0
0
15
0
0
0
0
0
2789
4095
2248
996
0
280
214
0
0
0
0
0
0
0
0
0
15
0
0
0
0
0
1317
4095
2222
1003
0
270
151
0
0
0
0
0
0
0
0
0
0
0
0
0
0
0
1289
4095
2185
471
0
285
63
0
0
0
0
0
0
0
0
0
0
0
0
0
0
0
1287
4095
2186
0
0
120
22
0
0
0
0
