0
0
0
0
565
0
0
0
0
0
0
1302
4095
2263
0
0
190
1
0
0
0
0
0
0
0
0
527
0
0
0
0
0
0
1240
4095
2242
0
5
33
0
0
0
0
0
0
558
0
0
0
0
0
0
0
0
0
4095
4095
1535
0
60
201
2
0
0
0
0
0
1345
0
0
0
0
0
0
0
0
4
4095
4095
459
0
26
391
0
0
0
0
0
0
1913
0
0
0
0
0
0
0
0
37
4095
0
915
0
48
399
0
0
0
0
0
3
1426
564
0
0
0
0
0
0
0
0
4095
0
0
0
67
560
0
0
0
0
0
1723
1380
561
0
0
0
0
0
0
0
0
4095
0
0
443
54
0
0
0
0
0
0
1767
1389
578
0
0
0
0
0
0
0
198
1888
0
0
618
37
0
0
0
0
0
0
4095
1404
0
0
0
0
0
0
0
0
154
0
0
0
705
0
0
0
0
0
0
0
0
1400
0
0
0
0
0
0
0
0
0
0
0
0
1013
0
0
0
0
0
0
0
2304
1400
169
0
0
0
0
0
0
1833
0
0
0
993
239
0
0
0
0
0
0
0
2512
546
406
0
0
0
0
0
0
2621
0
0
0
998
235
0
0
0
0
0
0
0
2469
0
391
0
0
0
0
895
0
4095
0
0
0
1029
189
0
0
0
0
0
0
0
2698
0
0
0
0
0
0
1319
0
0
0
0
1181
467
139
0
0
0
0
0
0
0
0
161
0
0
0
0
0
0
1228
1934
0
0
1175
352
132
0
0
0
0
0
0
895
0
174
0
0
0
0
41
0
1264
1918
0
0
957
132
245
0
0
0
0
0
0
660
0
62
0
0
0
0
48
0
1232
1672
0
0
940
12
0
0
0
0
0
0
0
0
0
0
0
0
0
0
0
696
1207
1246
0
0
1023
3
0
0
0
0
4
0
0
0
0
0
0
0
0
0
0
1122
1255
0
0
0
888
7
0
0
0
0
43
0
0
0
0
0
0
0
0
51
0
1153
620
0
0
0
678
336
0
0
0
0
0
0
0
0
0
0
0
0
0
0
0
1341
0
0
0
0
647
753
0
0
0
45
0
0
0
0
0
0
0
0
0
0
0
0
0
0
1333
0
31
0
0
0
0
84
0
0
0
0
0
0
0
0
0
0
0
0
0
0
391
0
0
0
0
0
0
82
0
0
0
0
0
0
0
0
0
0
0
0
0
0
519
0
1
0
0
0
0
62
0
0
0
0
0
0
0
0
28
0
0
0
0
54
0
0
0
0
0
0
0
0
0
0
0
0
0
0
0
0
0
0
0
0
0
0
0
0
0
0
0
0
0
0
0
0
0
0
0
0
0
0
0
0
0
0
0
0
0
0
0
0
0
0
0
0
0
0
0
0
0
0
0
0
0
0
0
0
0
0
0
0
0
0
0
0
0
0
0
0
0
0
0
0
0
0
0
0
0
0
0
0
0
0
0
0
0
0
0
0
0
0
0
0
0
0
0
7
0
0
0
0
0
0
0
0
0
0
0
0
0
0
0
4095
0
0
0
0
0
98
0
0
0
0
0
0
0
0
0
0
0
0
0
0
0
4095
0
0
0
0
0
127
0
0
0
0
0
0
0
0
0
0
0
0
0
0
4095
0
0
0
0
0
0
84
0
0
0
0
0
0
0
0
0
0
0
0
0
0
4095
0
0
0
0
0
0
0
0
0
0
0
0
0
0
0
0
0
0
0
0
0
4095
0
0
0
0
0
94
0
0
0
0
0
0
0
0
0
0
0
0
0
0
0
0
0
0
0
0
0
10
0
0
0
0
0
0
0
0
0
0
0
0
0
0
0
0
0
0
0
0
0
0
0
0
0
0
0
0
0
0
0
0
0
0
0
0
0
0
0
0
0
0
45
0
0
0
0
0
0
0
0
0
0
0
0
0
0
0
0
0
0
0
0
0
35
0
0
0
0
0
0
0
0
0
0
0
0
0
0
0
0
0
0
0
0
0
0
0
0
0
0
0
0
0
0
0
0
0
25
0
0
0
0
4095
4095
0
0
148
0
0
0
0
0
0
0
0
0
0
0
0
41
0
0
0
4095
4095
1120
0
0
147
0
0
0
0
0
0
0
0
0
0
0
0
942
0
0
0
4095
1013
1129
0
0
470
262
0
0
0
0
0
0
0
0
0
0
47
889
0
0
0
4095
1049
1123
0
0
144
736
0
0
0
0
0
0
0
0
0
0
122
0
0
0
2299
4095
1053
666
0
0
1472
0
0
0
0
0
0
0
0
0
0
0
112
0
0
0
2236
4095
1023
4095
0
0
2633
0
0
0
0
0
0
0
0
0
0
0
809
0
0
902
1363
4095
1059
0
0
0
2286
0
0
0
0
0
0
0
0
0
0
0
609
0
0
2354
1333
4095
2270
2617
734
0
2301
0
0
0
0
0
0
0
0
0
0
0
0
0
0
3826
1352
4095
4095
2362
790
0
778
0
0
0
0
0
0
0
0
0
0
0
0
0
0
3790
1379
4095
4095
1189
1348
1076
0
0
0
0
0
0
0
2958
0
0
10
0
0
0
0
3756
1341
4095
4095
94
0
1131
0
0
0
0
0
0
0
2470
0
0
2
0
0
0
0
3800
1350
4095
4095
0
628
936
0
0
0
0
0
0
0
3590
0
0
3
0
0
0
0
4095
1358
4095
0
0
1215
0
0
0
0
0
0
0
0
3606
0
0
0
0
0
0
4095
276
1341
4095
0
0
3045
0
0
0
0
0
0
0
860
3596
0
0
0
0
0
0
4095
260
1383
3630
0
0
0
0
0
0
0
0
0
0
1422
1683
1859
0
0
0
0
0
4095
265
1337
1870
0
0
0
0
0
0
0
0
0
0
2686
1733
1865
0
0
0
0
0
4095
281
1366
3423
0
0
0
0
0
0
0
0
0
0
0
1715
691
0
0
0
0
0
4095
276
1373
0
0
0
0
0
0
0
0
0
0
0
1353
1737
0
0
0
0
0
0
4095
268
2807
0
0
0
0
0
0
0
0
0
0
0
1438
1088
0
0
0
4095
0
2217
1077
254
2314
0
0
0
0
0
0
0
0
0
0
0
1401
0
0
0
0
4095
0
2246
1066
276
1832
0
0
0
2870
0
0
0
0
0
0
0
1444
0
0
0
0
4095
0
2250
1119
270
1149
0
0
0
903
0
0
0
0
0
0
0
562
0
0
0
0
4095
0
2224
1078
283
1447
0
0
0
1106
0
0
0
0
0
0
0
0
0
0
0
0
0
4095
2280
1073
257
0
0
0
1200
0
0
0
0
0
0
0
0
0
0
0
0
0
0
4095
2240
1054
529
0
1329
0
0
0
0
0
0
0
0
0
0
410
0
0
0
0
0
4095
2303
1074
556
0
961
0
0
0
0
0
0
0
0
0
0
436
0
0
0
0
0
4095
2302
1058
283
0
510
0
0
0
0
0
0
0
0
0
0
166
0
0
0
0
0
4095
2226
1033
0
294
179
0
0
0
0
0
0
0
0
0
0
0
0
0
0
0
0
4095
2256
1076
0
271
353
0
0
0
0
0
0
0
0
0
20
0
0
0
0
0
2850
4095
2273
1099
0
251
180
0
0
0
0
0
0
0
0
0
12
0
0
0
0
0
1299
4095
2213
1072
0
284
183
0
0
0
0
0
0
0
0
0
0
0
0
0
0
0
1293
4095
2309
375
0
231
59
0
0
0
0
0
0
0
0
0
0
0
0
0
0
0
1220
4095
2273
0
0
152
19
0
0
0
0
