45
0
0
15
24
24
0
22
23
23
37
25
20
42
83
0
25
43
198
134
25
89
88
60
0
43
55
0
0
40
64
25
27
31
25
0
50
121
0
27
27
25
24
24
0
48
60
31
0
31
103
62
0
95
27
33
479
312
25
40
24
0
120
0
0
378
31
153
97
148
0
168
96
86
37
3
15
277
134
0
165
0
3
13
22
65
30
0
241
100
25
44
180
31
0
421
39
107
0
0
0
108
25
55
17
75
60
331
438
135
0
-1
254
0
208
116
209
-7
176
51
165
27
33
33
0
0
33
125
169
29
60
122
19
129
70
33
96
63
61
28
78
121
0
394
-1
40
587
-3
80
69
190
242
641
0
0
0
0
1
62
55
67
46
223
254
3
