-1
-1
-1
-1
10
-1
-1
-1
-1
-1
-1
33
31
25
-1
-1
15
4
-1
-1
-1
-1
-1
-1
-1
-1
10
-1
-1
-1
-1
-1
-1
33
31
25
-1
2
15
-1
-1
-1
-1
-1
-1
10
-1
-1
-1
-1
-1
-1
-1
-1
-1
33
31
25
-1
3
15
20
-1
-1
-1
-1
-1
25
-1
-1
-1
-1
-1
-1
-1
-1
5
33
19
25
-1
1
15
-1
-1
-1
-1
-1
-1
43
-1
-1
-1
-1
-1
-1
-1
-1
27
33
-1
50
-1
3
37
-1
-1
-1
-1
-1
20
25
10
-1
-1
-1
-1
-1
-1
-1
-1
33
-1
-1
-1
3
51
-1
-1
-1
-1
-1
59
25
10
-1
-1
-1
-1
-1
-1
-1
-1
68
-1
-1
25
3
-1
-1
-1
-1
-1
-1
73
25
10
-1
-1
-1
-1
-1
-1
-1
45
102
-1
-1
37
24
-1
-1
-1
-1
-1
-1
170
25
-1
-1
-1
-1
-1
-1
-1
-1
45
-1
-1
-1
37
31
-1
-1
-1
-1
-1
-1
-1
25
-1
-1
-1
-1
-1
-1
-1
-1
-1
-1
-1
-1
62
30
-1
-1
-1
-1
-1
-1
86
25
10
-1
-1
-1
-1
-1
-1
152
-1
-1
-1
56
12
60
-1
-1
-1
-1
-1
-1
91
10
24
-1
-1
-1
-1
-1
-1
136
-1
-1
-1
56
12
-1
-1
-1
-1
-1
-1
-1
89
-1
24
-1
-1
-1
-1
33
-1
173
-1
-1
-1
56
40
-1
-1
-1
-1
-1
-1
-1
97
-1
-1
-1
-1
-1
-1
45
-1
-1
-1
-1
64
25
38
-1
-1
-1
-1
-1
-1
-1
-1
10
-1
-1
-1
-1
-1
-1
33
70
-1
-1
64
25
33
-1
-1
-1
-1
-1
-1
46
-1
10
-1
-1
-1
-1
5
-1
33
70
-1
-1
64
25
55
-1
-1
-1
-1
-1
-1
28
-1
4
-1
-1
-1
-1
5
-1
33
63
-1
-1
64
25
-1
-1
-1
-1
-1
-1
-1
-1
-1
-1
-1
-1
-1
-1
-1
19
33
70
-1
-1
64
28
-1
-1
-1
-1
36
-1
-1
-1
-1
-1
-1
-1
-1
-1
-1
31
33
-1
-1
-1
56
40
-1
-1
-1
-1
31
-1
-1
-1
-1
-1
-1
-1
-1
6
-1
31
35
-1
-1
-1
44
36
-1
-1
-1
15
-1
-1
-1
-1
-1
-1
-1
-1
-1
-1
-1
37
-1
-1
-1
-1
42
55
-1
-1
-1
30
-1
-1
-1
-1
-1
-1
-1
-1
-1
-1
-1
-1
-1
-1
82
-1
21
-1
-1
-1
-1
39
-1
-1
-1
-1
-1
-1
-1
-1
-1
-1
-1
-1
-1
-1
35
-1
22
-1
-1
-1
-1
27
-1
-1
-1
-1
-1
-1
-1
-1
-1
-1
-1
-1
-1
-1
44
-1
39
-1
-1
-1
-1
19
-1
-1
-1
-1
-1
-1
-1
-1
3
-1
-1
-1
-1
21
-1
-1
90
-1
-1
-1
-1
-1
-1
-1
-1
-1
-1
-1
-1
-1
-1
-1
-1
-1
-1
-1
-1
-1
-1
-1
-1
-1
12
-1
-1
-1
-1
-1
-1
-1
-1
-1
-1
-1
-1
-1
-1
-1
-1
-1
-1
-1
-1
-1
5
-1
-1
-1
-1
-1
-1
-1
-1
-1
-1
-1
-1
-1
-1
-1
-1
-1
-1
-1
-1
-1
30
-1
-1
-1
-1
-1
-1
-1
-1
-1
-1
-1
-1
-1
-1
-1
-1
-1
-1
-1
-1
-1
90
-1
-1
-1
-1
-1
-1
-1
-1
1
-1
-1
-1
-1
-1
-1
-1
-1
-1
-1
-1
-1
-1
-1
-1
31
-1
-1
-1
-1
-1
27
-1
-1
-1
-1
-1
-1
-1
-1
-1
-1
-1
-1
-1
-1
-1
47
-1
-1
-1
-1
-1
46
-1
-1
-1
-1
-1
-1
-1
-1
-1
-1
-1
-1
-1
-1
57
-1
-1
-1
-1
-1
-1
60
-1
-1
-1
-1
-1
-1
-1
-1
-1
-1
-1
-1
-1
-1
75
-1
-1
-1
-1
-1
-1
-1
-1
-1
-1
-1
-1
-1
-1
-1
-1
-1
-1
-1
-1
-1
271
-1
-1
-1
-1
-1
18
-1
-1
-1
-1
-1
-1
-1
-1
-1
-1
-1
-1
-1
-1
-1
-1
-1
-1
-1
-1
-1
6
-1
-1
-1
-1
-1
-1
-1
-1
-1
-1
-1
-1
-1
-1
-1
-1
-1
-1
-1
-1
-1
-1
-1
-1
-1
-1
-1
-1
-1
-1
-1
-1
-1
-1
-1
-1
-1
-1
-1
-1
-1
-1
5
-1
-1
-1
-1
-1
-1
-1
-1
-1
-1
-1
-1
-1
-1
-1
-1
-1
-1
-1
-1
-1
5
-1
-1
-1
-1
-1
-1
-1
-1
-1
-1
-1
-1
-1
-1
-1
-1
-1
-1
-1
-1
-1
-1
-1
-1
-1
-1
-1
-1
-1
-1
-1
-1
-1
88
-1
-1
-1
-1
198
76
-1
-1
16
-1
-1
-1
-1
-1
-1
-1
-1
-1
-1
-1
-1
10
-1
-1
-1
39
27
30
-1
-1
30
-1
-1
-1
-1
-1
-1
-1
-1
-1
-1
-1
-1
13
-1
-1
-1
39
27
30
-1
-1
42
8
-1
-1
-1
-1
-1
-1
-1
-1
-1
-1
26
7
-1
-1
-1
39
27
30
-1
-1
42
20
-1
-1
-1
-1
-1
-1
-1
-1
-1
-1
66
-1
-1
-1
18
24
27
30
-1
-1
45
-1
-1
-1
-1
-1
-1
-1
-1
-1
-1
-1
66
-1
-1
-1
18
24
27
64
-1
-1
71
-1
-1
-1
-1
-1
-1
-1
-1
-1
-1
-1
95
-1
-1
3
15
24
27
-1
-1
-1
61
-1
-1
-1
-1
-1
-1
-1
-1
-1
-1
-1
63
-1
-1
8
15
24
27
12
54
-1
61
-1
-1
-1
-1
-1
-1
-1
-1
-1
-1
-1
-1
-1
-1
15
15
24
27
10
20
-1
19
-1
-1
-1
-1
-1
-1
-1
-1
-1
-1
-1
-1
-1
-1
15
15
24
27
6
52
30
-1
-1
-1
-1
-1
-1
-1
53
-1
-1
105
-1
-1
-1
-1
15
15
24
27
6
-1
30
-1
-1
-1
-1
-1
-1
-1
45
-1
-1
35
-1
-1
-1
-1
15
15
24
22
-1
30
24
-1
-1
-1
-1
-1
-1
-1
64
-1
-1
28
-1
-1
-1
-1
35
15
24
-1
-1
60
-1
-1
-1
-1
-1
-1
-1
-1
64
-1
-1
-1
-1
-1
-1
37
3
15
24
-1
-1
164
-1
-1
-1
-1
-1
-1
-1
15
64
-1
-1
-1
-1
-1
-1
37
3
15
40
-1
-1
-1
-1
-1
-1
-1
-1
-1
-1
25
31
33
-1
-1
-1
-1
-1
49
3
15
67
-1
-1
-1
-1
-1
-1
-1
-1
-1
-1
50
31
33
-1
-1
-1
-1
-1
68
3
15
148
-1
-1
-1
-1
-1
-1
-1
-1
-1
-1
-1
31
13
-1
-1
-1
-1
-1
68
3
15
-1
-1
-1
-1
-1
-1
-1
-1
-1
-1
-1
25
31
-1
-1
-1
-1
-1
-1
68
3
96
-1
-1
-1
-1
-1
-1
-1
-1
-1
-1
-1
25
19
-1
-1
-1
85
-1
25
12
3
66
-1
-1
-1
-1
-1
-1
-1
-1
-1
-1
-1
25
-1
-1
-1
-1
64
-1
25
12
3
66
-1
-1
-1
160
-1
-1
-1
-1
-1
-1
-1
25
-1
-1
-1
-1
64
-1
25
12
3
66
-1
-1
-1
55
-1
-1
-1
-1
-1
-1
-1
10
-1
-1
-1
-1
97
-1
25
12
3
81
-1
-1
-1
175
-1
-1
-1
-1
-1
-1
-1
-1
-1
-1
-1
-1
-1
31
25
12
3
-1
-1
-1
69
-1
-1
-1
-1
-1
-1
-1
-1
-1
-1
-1
-1
-1
-1
64
25
12
18
-1
75
-1
-1
-1
-1
-1
-1
-1
-1
-1
-1
25
-1
-1
-1
-1
-1
64
25
12
18
-1
51
-1
-1
-1
-1
-1
-1
-1
-1
-1
-1
25
-1
-1
-1
-1
-1
64
25
12
15
-1
52
-1
-1
-1
-1
-1
-1
-1
-1
-1
-1
10
-1
-1
-1
-1
-1
64
25
12
-1
15
40
-1
-1
-1
-1
-1
-1
-1
-1
-1
-1
-1
-1
-1
-1
-1
-1
64
25
12
-1
15
40
-1
-1
-1
-1
-1
-1
-1
-1
-1
1
-1
-1
-1
-1
-1
33
31
25
12
-1
15
24
-1
-1
-1
-1
-1
-1
-1
-1
-1
1
-1
-1
-1
-1
-1
33
31
25
12
-1
15
24
-1
-1
-1
-1
-1
-1
-1
-1
-1
-1
-1
-1
-1
-1
-1
33
31
25
4
-1
15
16
-1
-1
-1
-1
-1
-1
-1
-1
-1
-1
-1
-1
-1
-1
-1
33
31
25
-1
-1
15
24
-1
-1
-1
-1
