0
0
565
565
0
0
0
0
0
0
0
0
0
0
0
0
0
0
0
0
0
0
0
0
527
527
0
0
0
0
0
0
0
0
0
0
0
0
0
0
0
0
0
0
0
0
0
0
0
0
0
0
0
0
0
0
0
0
0
0
0
0
0
0
0
0
0
0
0
0
0
0
0
0
0
0
0
0
0
0
0
0
0
0
0
0
0
0
1
0
0
0
0
0
0
0
0
0
0
0
0
0
0
0
0
0
0
0
0
1
0
0
0
0
0
0
0
0
0
0
0
0
0
0
0
0
0
0
0
0
0
3
0
0
0
0
0
0
0
0
0
0
156
0
0
443
0
0
0
0
0
0
0
1
0
0
0
0
0
0
0
0
0
37
0
0
0
476
0
0
0
0
0
0
5
7
0
0
0
0
0
0
0
0
0
80
0
0
0
440
0
0
0
0
0
0
16
963
0
0
0
0
0
0
0
0
0
0
0
0
552
1002
0
0
0
0
0
0
0
0
0
0
0
0
0
0
0
0
99
0
0
0
551
0
0
0
0
0
0
0
8
598
0
0
0
0
0
0
0
0
100
0
0
0
564
0
0
0
0
0
0
0
178
722
0
0
0
0
0
0
0
0
0
0
0
0
569
0
0
0
0
0
0
0
162
707
0
0
0
0
0
0
0
0
0
0
0
572
0
0
0
0
0
0
0
412
416
978
0
0
0
0
0
0
0
0
0
0
0
631
0
0
0
0
0
0
0
337
341
0
0
0
0
0
0
0
0
0
0
0
0
602
0
0
0
0
0
0
0
0
1
0
0
0
0
0
0
0
0
0
0
0
0
583
0
0
0
0
0
0
0
0
0
0
0
0
0
0
0
0
0
0
0
0
0
587
0
0
0
0
0
0
0
0
0
0
0
0
0
0
0
0
0
0
0
0
0
597
0
0
0
0
0
0
0
0
0
0
0
0
0
0
0
0
0
0
0
0
0
575
0
0
0
0
0
0
0
0
0
0
0
0
0
0
0
0
0
0
0
0
0
611
0
0
0
0
0
0
0
0
0
0
0
0
0
0
0
0
0
0
0
0
0
0
0
0
0
0
0
0
0
0
0
0
0
0
0
0
0
0
0
0
0
0
0
0
0
0
0
0
0
0
0
0
0
0
0
0
0
0
0
0
0
0
0
0
0
0
0
0
0
0
0
0
0
0
0
0
0
0
0
0
0
0
0
0
0
0
0
0
0
0
0
0
0
0
0
0
0
0
0
0
0
0
0
0
0
0
0
0
0
0
0
0
0
0
0
0
0
0
0
0
0
0
0
0
0
0
0
0
0
0
0
0
0
0
0
0
0
0
0
0
0
0
0
0
0
0
0
0
0
0
0
0
0
0
0
0
0
0
0
0
0
0
0
0
0
0
0
0
0
0
0
0
0
0
0
0
0
0
0
0
0
0
0
0
0
0
0
0
0
0
0
0
0
0
0
0
0
0
0
0
0
0
0
0
687
0
0
0
0
0
0
0
0
0
0
0
0
0
0
0
0
0
0
0
0
0
2304
0
0
0
0
0
0
0
0
0
0
0
0
0
0
0
0
0
0
0
0
0
0
0
0
0
0
0
0
0
0
0
0
0
0
0
0
0
0
0
0
0
0
849
0
0
0
0
0
0
0
0
0
0
0
0
0
0
0
0
0
0
0
0
201
1812
0
0
0
0
0
0
0
0
0
0
0
0
0
0
0
0
0
0
0
0
0
0
0
0
0
0
0
0
0
0
0
0
0
0
0
0
0
0
0
0
0
0
0
0
0
0
0
0
0
0
0
0
0
0
0
0
0
0
0
0
0
0
0
0
0
0
0
0
0
0
0
0
0
0
0
0
0
0
0
0
0
0
0
0
0
0
0
0
0
0
0
0
0
0
0
0
0
0
0
0
0
0
0
0
0
0
0
0
0
0
0
0
0
0
0
0
0
0
0
0
0
0
0
0
0
0
0
0
0
0
979
2338
0
0
0
0
0
0
0
0
0
0
0
0
0
0
0
0
0
0
0
0
1895
0
0
0
0
0
0
0
0
0
0
0
0
0
0
0
0
0
0
0
0
0
1902
0
0
0
0
42
0
0
0
0
0
0
0
0
0
2
2
2
0
0
0
0
1408
0
0
0
0
72
0
0
0
0
0
0
0
0
0
4
4
4
0
0
0
913
0
0
0
0
0
69
0
0
0
0
0
0
0
0
0
2
2
2
0
0
0
908
0
0
0
0
0
1132
0
0
0
0
0
0
0
0
0
3
731
731
0
0
0
0
0
0
0
0
0
1112
0
0
0
0
0
0
0
0
0
3
609
609
0
0
1496
0
0
0
0
0
0
1108
0
0
0
0
0
0
0
0
0
0
0
0
0
0
3539
0
0
0
0
0
0
1136
0
0
0
0
0
0
0
0
0
0
0
0
0
0
3499
0
0
0
0
0
0
0
0
0
0
0
0
0
0
0
0
10
0
0
0
0
3503
0
0
0
0
0
0
0
0
0
0
0
0
0
0
0
0
2
0
0
0
0
3524
0
0
0
0
0
0
0
0
0
0
0
0
0
0
0
0
3
0
0
0
2500
3975
0
0
0
0
572
0
0
0
0
0
0
0
0
0
0
0
0
0
0
0
2856
0
0
0
0
0
1106
0
0
0
0
0
0
0
0
0
0
0
0
0
0
0
3587
0
0
0
0
0
0
0
0
0
0
0
0
0
0
0
0
0
0
0
0
1236
3712
0
0
0
0
0
0
0
0
0
0
0
0
0
0
0
0
0
0
0
0
2122
3836
0
0
0
0
0
0
0
0
0
0
0
0
0
0
0
0
0
0
0
0
2163
3857
0
0
0
0
0
0
0
0
0
0
0
0
0
0
0
0
0
0
0
0
2568
3766
0
0
0
0
0
0
0
0
0
0
0
0
0
0
0
0
0
0
0
0
0
0
0
0
0
0
0
0
0
0
0
0
0
0
0
0
0
0
0
0
0
0
0
0
0
0
0
0
0
1073
0
0
0
0
0
0
0
0
0
0
0
0
0
0
0
0
0
0
0
0
0
560
0
0
0
0
0
0
0
0
0
0
0
0
0
0
0
0
0
0
0
0
0
544
0
0
0
0
0
0
0
0
0
0
0
0
0
0
0
0
0
0
0
0
460
0
0
0
0
0
0
0
0
0
0
0
0
0
0
2077
0
0
0
0
0
0
0
0
0
0
0
0
0
0
0
0
0
0
0
0
0
2087
0
0
0
0
0
0
0
0
0
0
0
0
0
0
0
0
0
0
0
0
0
2102
0
0
0
0
0
0
0
0
0
0
0
0
0
0
0
0
0
0
0
0
0
2134
0
0
0
0
0
0
0
0
0
0
0
0
0
0
0
0
0
0
0
0
0
2110
0
0
0
0
0
0
0
0
0
0
0
0
0
0
0
0
0
0
0
0
0
0
0
0
0
0
0
0
0
0
0
0
0
0
0
0
0
0
0
0
0
0
0
0
0
0
0
0
0
0
0
0
0
0
0
0
0
0
0
0
0
0
0
0
0
0
0
0
0
0
0
0
0
0
0
0
0
0
0
0
0
0
0
0
0
0
0
0
0
0
0
0
0
0
0
0
0
0
