0
0
565
0
0
0
0
0
0
0
0
1302
4095
2263
0
0
190
1
0
0
0
0
0
0
527
0
0
0
0
0
0
0
0
1240
4095
2242
0
5
33
0
0
0
0
0
0
0
558
0
0
0
0
0
0
0
0
4095
4095
1535
0
60
201
2
0
0
0
0
0
798
546
0
0
0
0
0
0
0
4
4095
4095
459
0
26
391
0
0
0
0
0
0
1378
534
0
0
0
0
0
0
0
17
4095
0
455
0
48
399
0
0
0
0
1
0
1426
564
0
0
0
0
0
0
0
19
4095
0
460
0
67
398
0
0
0
0
3
1722
1380
561
0
0
0
0
0
0
0
156
3413
526
443
0
54
162
0
0
0
0
1
1760
1389
578
0
0
0
0
0
0
37
161
0
577
476
141
37
0
0
0
0
5
2
1580
1404
0
0
0
0
0
0
0
80
74
122
572
440
264
0
0
0
0
0
9
427
1552
1400
0
0
0
0
0
0
24
96
0
615
552
450
11
0
0
0
0
0
7
519
1706
1400
169
0
0
0
0
0
75
941
128
567
551
442
239
0
0
0
0
0
8
589
1789
546
406
0
0
0
0
0
100
1284
630
606
564
433
235
0
0
0
0
0
178
544
1762
0
391
0
0
0
0
0
895
1200
601
540
569
460
189
0
0
0
0
0
162
545
1720
0
0
0
0
0
0
106
1212
1192
561
572
609
467
139
0
0
0
0
412
3
562
0
161
0
0
0
0
0
0
1228
1269
664
631
543
352
132
0
0
0
0
337
3
554
0
174
0
0
0
0
41
0
1264
1310
608
602
355
132
130
0
0
0
0
0
1
552
0
62
0
0
0
0
48
0
1232
1032
640
583
356
12
115
0
0
0
0
0
0
106
0
0
0
0
0
0
0
696
1207
0
624
587
436
3
0
0
0
0
4
0
0
0
0
0
0
0
0
0
0
1122
1255
0
621
597
291
7
0
0
0
0
22
0
0
0
0
0
0
0
0
51
0
1153
0
0
620
575
103
336
0
0
0
0
21
0
0
0
0
0
0
0
0
0
0
1131
0
0
651
611
36
530
0
0
0
31
13
0
0
0
0
0
0
0
0
0
0
209
0
0
463
218
31
223
0
0
0
84
0
0
0
0
0
0
0
0
0
0
0
0
0
0
391
0
0
0
0
0
0
82
0
0
0
0
0
0
0
0
0
0
0
0
0
0
389
0
1
0
0
0
0
62
0
0
0
0
0
0
0
0
28
0
0
0
0
0
130
0
0
0
0
0
0
0
0
0
0
0
0
0
0
0
0
0
0
0
0
0
0
0
0
0
0
0
0
0
0
0
0
0
0
0
0
0
0
0
0
0
0
0
0
0
0
0
0
0
0
0
0
0
0
0
0
0
0
0
0
0
0
0
0
0
0
0
0
0
0
0
0
0
0
790
0
0
0
0
0
0
0
0
0
0
0
0
0
0
0
0
0
0
0
0
0
1287
0
0
0
0
0
7
0
0
0
0
0
2
0
0
0
0
0
0
0
0
687
1330
0
0
0
0
0
17
0
0
0
0
81
52
0
0
0
0
0
0
0
0
2304
904
0
0
0
0
0
0
0
0
0
0
74
53
0
0
0
0
0
0
0
0
4095
887
0
0
0
0
0
0
0
0
0
0
44
0
0
0
0
0
0
0
0
849
2358
887
0
0
0
0
0
0
0
0
0
0
40
0
0
0
0
0
0
0
0
420
423
166
0
0
0
0
89
0
0
0
0
5
0
0
0
0
0
0
0
0
0
406
437
160
0
0
0
0
0
0
0
0
0
10
0
0
0
0
0
0
0
0
0
407
445
179
0
0
0
0
0
0
0
0
0
0
0
0
0
0
0
0
0
0
201
377
470
1402
0
0
0
45
0
0
0
0
0
0
0
0
0
0
0
0
0
0
316
499
596
1399
0
0
0
35
0
0
0
0
0
0
0
0
0
0
0
0
0
0
333
494
565
727
0
0
0
0
0
0
0
0
0
0
0
0
0
0
0
25
0
0
330
364
595
566
0
0
148
0
0
0
0
0
0
0
0
0
0
0
0
41
0
0
1895
2200
4095
1120
0
0
105
0
0
0
0
0
0
0
0
0
0
0
0
40
0
902
1902
2193
1013
1129
0
42
397
262
0
0
0
0
0
0
0
2
0
0
45
12
0
877
1408
2687
1049
1123
0
72
74
372
0
0
0
0
0
0
0
4
0
0
118
0
0
913
1386
4095
1053
666
0
69
340
364
0
0
0
0
0
0
0
2
0
0
109
0
0
908
1328
4095
1023
1607
163
1132
1143
377
0
0
0
0
0
0
0
3
728
0
78
0
0
902
1363
4095
1059
2325
205
1112
1177
0
0
0
0
0
0
0
0
3
606
0
0
0
1496
858
1333
4095
2270
2617
529
1108
1165
0
0
0
0
0
0
0
0
5
0
0
0
0
3539
287
1352
4095
4095
2362
790
1136
778
0
0
0
0
0
0
0
1127
2
0
0
0
0
3499
291
1379
4095
4095
1189
713
1076
0
0
0
0
0
0
0
0
1831
3
0
0
0
0
3503
252
1341
4095
4095
0
635
1131
0
0
0
0
0
0
0
640
1830
2
0
0
0
0
3524
276
1350
4095
4095
94
628
936
0
0
0
0
0
0
0
1753
1837
3
0
0
0
2500
1475
120
1358
4095
0
572
642
0
0
0
0
0
0
0
0
1771
1834
0
0
0
0
2856
1239
276
1341
4095
0
568
572
0
0
0
0
0
0
0
860
1687
1908
0
0
0
0
3587
508
260
1383
3231
399
538
431
0
0
0
0
0
0
0
1422
1683
1859
0
0
0
1236
2476
383
265
1337
904
451
514
464
0
0
0
0
0
0
0
1330
1733
1865
0
0
0
2122
1713
259
281
1366
894
493
543
472
0
0
0
0
0
0
0
1356
1715
691
0
0
0
2163
1693
238
276
1373
425
503
564
447
0
0
0
0
0
0
0
1353
1737
0
0
0
995
2568
1198
329
268
1357
429
490
530
479
0
0
0
0
0
0
0
1438
1088
0
0
0
1582
1517
2217
1077
254
1417
436
461
551
453
0
0
0
0
0
0
0
1401
0
0
0
0
2127
1968
2246
1066
276
941
414
476
522
418
0
0
0
0
0
0
0
1444
0
0
0
0
2096
1999
2250
1119
270
248
436
464
560
343
0
33
0
0
0
0
0
562
0
0
0
0
1420
1277
2224
1078
283
269
430
499
544
237
12
43
0
0
0
0
0
0
0
0
0
0
1398
4095
2280
1073
257
248
426
460
520
66
68
19
0
0
0
0
0
0
0
0
0
0
2077
2018
2240
1054
283
246
424
478
220
0
60
0
0
0
0
0
0
410
0
0
0
0
2087
2008
2303
1074
278
278
434
527
0
0
23
0
0
0
0
0
0
436
0
0
0
0
2102
1993
2302
1058
0
283
100
398
0
0
12
0
0
0
0
0
0
166
0
0
0
0
2134
1961
2226
1033
0
294
141
0
0
38
0
0
0
0
0
0
0
0
0
0
0
0
2110
1985
2256
1076
0
271
313
0
0
40
0
0
0
0
0
0
20
0
0
0
0
0
2850
4095
2273
1099
0
251
180
0
0
0
0
0
0
0
0
0
12
0
0
0
0
0
1299
4095
2213
1072
0
284
183
0
0
0
0
0
0
0
0
0
0
0
0
0
0
0
1293
4095
2309
375
0
231
59
0
0
0
0
0
0
0
0
0
0
0
0
0
0
0
1220
4095
2273
0
0
152
19
0
0
0
0
