0
0
0
0
590
0
0
0
0
0
0
1308
4095
2233
0
0
245
0
0
0
0
0
0
0
0
0
544
0
0
0
0
0
0
1316
4095
2288
0
5
33
0
0
0
0
0
0
520
0
0
0
0
0
0
0
0
0
4095
4095
1512
0
87
142
2
0
0
0
0
0
1373
0
0
0
0
0
0
0
0
2
4095
4095
464
0
64
359
0
0
0
0
0
0
1941
0
0
0
0
0
0
0
0
28
4095
0
895
0
41
405
0
0
0
0
0
2
1414
544
0
0
0
0
0
0
0
0
4095
0
0
0
81
668
0
0
0
0
0
1656
1417
543
0
0
0
0
0
0
0
0
4095
0
0
468
76
0
0
0
0
0
0
1768
1432
553
0
0
0
0
0
0
0
244
1844
0
0
561
39
0
0
0
0
0
0
4095
1388
0
0
0
0
0
0
0
0
177
0
0
0
709
0
0
0
0
0
0
0
0
1403
0
0
0
0
0
0
0
0
0
0
0
0
1048
0
0
0
0
0
0
0
2341
1368
175
0
0
0
0
0
0
1565
0
0
0
966
209
0
0
0
0
0
0
0
2512
561
396
0
0
0
0
0
0
2682
0
0
0
1007
221
0
0
0
0
0
0
0
2449
0
384
0
0
0
0
934
0
4095
0
0
0
991
188
0
0
0
0
0
0
0
2739
0
0
0
0
0
0
1390
0
0
0
0
1127
435
153
0
0
0
0
0
0
0
947
172
0
0
0
0
0
0
1225
1918
0
0
1166
336
144
0
0
0
0
0
0
0
0
179
0
0
0
0
42
0
1240
1898
0
0
967
138
258
0
0
0
0
0
0
675
0
68
0
0
0
0
52
0
1214
1960
0
0
950
10
0
0
0
0
0
0
0
0
0
0
0
0
0
0
0
720
1295
1205
0
0
1089
2
0
0
0
0
6
0
0
0
0
0
0
0
0
0
0
1148
1236
0
0
0
902
10
0
0
0
0
35
0
0
0
0
0
0
0
0
55
0
1173
637
0
0
0
686
332
0
0
0
0
0
0
0
0
0
0
0
0
0
0
0
1356
0
0
0
0
649
732
0
0
0
46
0
0
0
0
0
0
0
0
0
0
0
0
0
0
1416
0
27
0
0
0
0
78
0
0
0
0
0
0
0
0
0
0
0
0
0
0
335
0
0
0
0
0
0
89
0
0
0
0
0
0
0
0
0
0
0
0
0
0
630
0
0
0
0
0
0
68
0
0
0
0
0
0
0
0
28
0
0
0
0
53
0
0
0
0
0
0
0
0
0
0
0
0
0
0
0
0
0
0
0
0
0
0
0
0
0
0
0
0
0
0
0
0
0
0
0
0
0
0
0
0
0
0
0
0
0
0
0
0
0
0
0
0
0
0
0
0
0
0
0
0
0
0
0
0
0
0
0
0
0
0
0
0
0
0
0
0
0
0
0
0
0
0
0
0
0
0
0
0
0
0
0
0
0
0
0
0
0
0
0
0
0
0
0
3
0
0
0
0
0
0
0
0
0
0
0
0
0
0
0
4095
0
0
0
0
0
91
0
0
0
0
0
0
0
0
0
0
0
0
0
0
0
4095
0
0
0
0
0
139
0
0
0
0
0
0
0
0
0
0
0
0
0
0
4095
0
0
0
0
0
0
109
0
0
0
0
0
0
0
0
0
0
0
0
0
0
4095
0
0
0
0
0
0
0
0
0
0
0
0
0
0
0
0
0
0
0
0
0
4095
0
0
0
0
0
87
0
0
0
0
0
0
0
0
0
0
0
0
0
0
0
0
0
0
0
0
0
10
0
0
0
0
0
0
0
0
0
0
0
0
0
0
0
0
0
0
0
0
0
0
0
0
0
0
0
0
0
0
0
0
0
0
0
0
0
0
0
0
0
0
42
0
0
0
0
0
0
0
0
0
0
0
0
0
0
0
0
0
0
0
0
0
33
0
0
0
0
0
0
0
0
0
0
0
0
0
0
0
0
0
0
0
0
0
0
0
0
0
0
0
0
0
0
0
0
0
30
0
0
0
0
4095
4095
0
0
130
0
0
0
0
0
0
0
0
0
0
0
0
35
0
0
0
4095
4095
1158
0
0
138
0
0
0
0
0
0
0
0
0
0
0
0
1222
0
0
0
4095
958
1142
0
0
432
313
0
0
0
0
0
0
0
0
0
0
47
1140
0
0
0
4095
975
1172
0
0
156
743
0
0
0
0
0
0
0
0
0
0
108
0
0
0
2535
4095
948
732
0
0
1421
0
0
0
0
0
0
0
0
0
0
0
112
0
0
0
2577
4095
993
4095
0
0
2627
0
0
0
0
0
0
0
0
0
0
0
654
0
0
1196
1360
4095
1009
0
0
0
2263
0
0
0
0
0
0
0
0
0
0
0
760
0
0
2031
1352
4095
2344
2578
733
0
2281
0
0
0
0
0
0
0
0
0
0
0
0
0
0
3875
1352
4095
4095
2351
764
0
720
0
0
0
0
0
0
0
0
0
0
0
0
0
0
3516
1406
4095
4095
1149
1353
1157
0
0
0
0
0
0
0
2923
0
0
12
0
0
0
0
3631
1349
4095
4095
101
0
1081
0
0
0
0
0
0
0
2502
0
0
6
0
0
0
0
3564
1359
4095
4095
0
0
1548
0
0
0
0
0
0
0
3675
0
0
3
0
0
0
0
4095
1393
4095
0
0
1144
0
0
0
0
0
0
0
0
3588
0
0
0
0
0
0
4095
376
1362
4095
0
0
3014
0
0
0
0
0
0
0
815
3613
0
0
0
0
0
0
4095
348
1376
3913
0
0
0
0
0
0
0
0
0
0
1392
1718
1833
0
0
0
0
0
4095
388
1337
1900
0
0
0
0
0
0
0
0
0
0
2774
1705
1810
0
0
0
0
0
4095
383
1380
3435
0
0
0
0
0
0
0
0
0
0
0
1781
724
0
0
0
0
0
4095
368
1385
0
0
0
0
0
0
0
0
0
0
0
1403
1778
0
0
0
0
0
0
4095
385
2824
0
0
0
0
0
0
0
0
0
0
0
1433
1056
0
0
0
4095
0
2288
983
361
2284
0
0
0
0
0
0
0
0
0
0
0
1421
0
0
0
0
4095
0
2309
976
380
2104
0
0
0
2841
0
0
0
0
0
0
0
1411
0
0
0
0
4095
0
2213
979
385
1194
0
0
0
917
0
0
0
0
0
0
0
553
0
0
0
0
4095
0
2255
952
367
1178
0
0
0
1183
0
0
0
0
0
0
0
0
0
0
0
0
0
4095
2204
1041
366
1035
0
0
1224
0
0
0
0
0
0
0
0
0
0
0
0
0
0
4095
2236
968
363
0
912
0
0
0
0
0
0
0
0
0
0
415
0
0
0
0
0
4095
2283
992
629
0
902
0
0
0
0
0
0
0
0
0
0
398
0
0
0
0
0
4095
2283
1031
265
0
528
0
0
0
0
0
0
0
0
0
0
169
0
0
0
0
0
4095
2326
982
0
270
168
0
0
0
0
0
0
0
0
0
0
0
0
0
0
0
0
4095
2311
997
0
285
379
0
0
0
0
0
0
0
0
0
17
0
0
0
0
0
2809
4095
2247
1039
0
268
182
0
0
0
0
0
0
0
0
0
18
0
0
0
0
0
1279
4095
2283
1043
0
259
182
0
0
0
0
0
0
0
0
0
0
0
0
0
0
0
1321
4095
2315
463
0
249
66
0
0
0
0
0
0
0
0
0
0
0
0
0
0
0
1291
4095
2292
0
0
107
18
0
0
0
0
