45
0
0
15
25
50
0
24
23
22
37
25
19
41
81
0
25
44
198
134
25
90
89
60
0
43
55
0
0
40
64
25
26
30
25
0
50
120
0
26
26
25
25
0
0
50
60
30
0
30
104
60
0
94
26
45
476
310
25
40
25
0
120
0
0
404
31
107
97
148
25
158
95
85
0
4
15
272
139
0
132
33
3
13
22
65
29
0
251
100
25
19
180
31
0
421
37
106
0
0
0
107
35
45
64
75
49
329
437
133
0
-1
230
0
210
116
213
-7
172
56
172
26
34
34
0
0
34
123
170
29
60
152
19
129
70
33
96
70
61
47
78
102
0
364
-1
40
583
-3
80
71
192
235
643
36
0
0
0
3
60
48
67
50
222
256
4
