-1
-1
-1
-1
10
-1
-1
-1
-1
-1
-1
34
30
25
-1
-1
15
4
-1
-1
-1
-1
-1
-1
-1
-1
10
-1
-1
-1
-1
-1
-1
34
30
25
-1
1
15
-1
-1
-1
-1
-1
-1
10
-1
-1
-1
-1
-1
-1
-1
-1
-1
34
30
25
-1
4
15
20
-1
-1
-1
-1
-1
25
-1
-1
-1
-1
-1
-1
-1
-1
3
34
18
25
-1
3
15
-1
-1
-1
-1
-1
-1
43
-1
-1
-1
-1
-1
-1
-1
-1
27
34
-1
50
-1
3
38
-1
-1
-1
-1
-1
20
25
10
-1
-1
-1
-1
-1
-1
-1
-1
34
-1
-1
-1
4
54
-1
-1
-1
-1
-1
59
25
10
-1
-1
-1
-1
-1
-1
-1
-1
65
-1
-1
25
4
-1
-1
-1
-1
-1
-1
73
25
10
-1
-1
-1
-1
-1
-1
-1
38
101
-1
-1
36
22
-1
-1
-1
-1
-1
-1
170
25
-1
-1
-1
-1
-1
-1
-1
-1
50
-1
-1
-1
36
32
-1
-1
-1
-1
-1
-1
-1
25
-1
-1
-1
-1
-1
-1
-1
-1
-1
-1
-1
-1
60
30
-1
-1
-1
-1
-1
-1
86
25
10
-1
-1
-1
-1
-1
-1
146
-1
-1
-1
55
11
60
-1
-1
-1
-1
-1
-1
91
10
24
-1
-1
-1
-1
-1
-1
137
-1
-1
-1
55
11
-1
-1
-1
-1
-1
-1
-1
89
-1
24
-1
-1
-1
-1
33
-1
174
-1
-1
-1
55
38
-1
-1
-1
-1
-1
-1
-1
97
-1
-1
-1
-1
-1
-1
45
-1
-1
-1
-1
64
25
39
-1
-1
-1
-1
-1
-1
-1
46
10
-1
-1
-1
-1
-1
-1
33
70
-1
-1
64
25
34
-1
-1
-1
-1
-1
-1
-1
-1
10
-1
-1
-1
-1
5
-1
33
70
-1
-1
64
25
57
-1
-1
-1
-1
-1
-1
28
-1
4
-1
-1
-1
-1
5
-1
33
70
-1
-1
64
25
-1
-1
-1
-1
-1
-1
-1
-1
-1
-1
-1
-1
-1
-1
-1
19
33
70
-1
-1
64
29
-1
-1
-1
-1
36
-1
-1
-1
-1
-1
-1
-1
-1
-1
-1
31
33
-1
-1
-1
56
40
-1
-1
-1
-1
31
-1
-1
-1
-1
-1
-1
-1
-1
6
-1
31
35
-1
-1
-1
44
36
-1
-1
-1
15
-1
-1
-1
-1
-1
-1
-1
-1
-1
-1
-1
37
-1
-1
-1
-1
42
54
-1
-1
-1
30
-1
-1
-1
-1
-1
-1
-1
-1
-1
-1
-1
-1
-1
-1
83
-1
20
-1
-1
-1
-1
40
-1
-1
-1
-1
-1
-1
-1
-1
-1
-1
-1
-1
-1
-1
35
-1
21
-1
-1
-1
-1
31
-1
-1
-1
-1
-1
-1
-1
-1
-1
-1
-1
-1
-1
-1
51
-1
38
-1
-1
-1
-1
20
-1
-1
-1
-1
-1
-1
-1
-1
3
-1
-1
-1
-1
16
-1
-1
88
-1
-1
-1
-1
-1
-1
-1
-1
-1
-1
-1
-1
-1
-1
-1
-1
-1
-1
-1
-1
-1
-1
-1
-1
-1
11
-1
-1
-1
-1
-1
-1
-1
-1
-1
-1
-1
-1
-1
-1
-1
-1
-1
-1
-1
-1
-1
6
-1
-1
-1
-1
-1
-1
-1
-1
-1
-1
-1
-1
-1
-1
-1
-1
-1
-1
-1
-1
-1
30
-1
-1
-1
-1
-1
-1
-1
-1
-1
-1
-1
-1
-1
-1
-1
-1
-1
-1
-1
-1
-1
90
-1
-1
-1
-1
-1
-1
-1
-1
1
-1
-1
-1
-1
-1
-1
-1
-1
-1
-1
-1
-1
-1
-1
-1
31
-1
-1
-1
-1
-1
27
-1
-1
-1
-1
-1
-1
-1
-1
-1
-1
-1
-1
-1
-1
-1
46
-1
-1
-1
-1
-1
51
-1
-1
-1
-1
-1
-1
-1
-1
-1
-1
-1
-1
-1
-1
56
-1
-1
-1
-1
-1
-1
60
-1
-1
-1
-1
-1
-1
-1
-1
-1
-1
-1
-1
-1
-1
74
-1
-1
-1
-1
-1
-1
-1
-1
-1
-1
-1
-1
-1
-1
-1
-1
-1
-1
-1
-1
-1
268
-1
-1
-1
-1
-1
18
-1
-1
-1
-1
-1
-1
-1
-1
-1
-1
-1
-1
-1
-1
-1
-1
-1
-1
-1
-1
-1
6
-1
-1
-1
-1
-1
-1
-1
-1
-1
-1
-1
-1
-1
-1
-1
-1
-1
-1
-1
-1
-1
-1
-1
-1
-1
-1
-1
-1
-1
-1
-1
-1
-1
-1
-1
-1
-1
-1
-1
-1
-1
-1
5
-1
-1
-1
-1
-1
-1
-1
-1
-1
-1
-1
-1
-1
-1
-1
-1
-1
-1
-1
-1
-1
5
-1
-1
-1
-1
-1
-1
-1
-1
-1
-1
-1
-1
-1
-1
-1
-1
-1
-1
-1
-1
-1
-1
-1
-1
-1
-1
-1
-1
-1
-1
-1
-1
-1
88
-1
-1
-1
-1
198
76
-1
-1
16
-1
-1
-1
-1
-1
-1
-1
-1
-1
-1
-1
-1
10
-1
-1
-1
40
26
30
-1
-1
30
-1
-1
-1
-1
-1
-1
-1
-1
-1
-1
-1
-1
14
-1
-1
-1
40
26
30
-1
-1
42
8
-1
-1
-1
-1
-1
-1
-1
-1
-1
-1
19
8
-1
-1
-1
40
26
30
-1
-1
42
20
-1
-1
-1
-1
-1
-1
-1
-1
-1
-1
65
-1
-1
-1
19
25
26
30
-1
-1
45
-1
-1
-1
-1
-1
-1
-1
-1
-1
-1
-1
65
-1
-1
-1
19
25
26
64
-1
-1
71
-1
-1
-1
-1
-1
-1
-1
-1
-1
-1
-1
87
-1
-1
4
15
25
26
-1
-1
-1
61
-1
-1
-1
-1
-1
-1
-1
-1
-1
-1
-1
70
-1
-1
7
15
25
26
12
54
-1
61
-1
-1
-1
-1
-1
-1
-1
-1
-1
-1
-1
-1
-1
-1
15
15
25
26
10
20
-1
19
-1
-1
-1
-1
-1
-1
-1
-1
-1
-1
-1
-1
-1
-1
15
15
25
26
6
52
30
-1
-1
-1
-1
-1
-1
-1
53
-1
-1
105
-1
-1
-1
-1
15
15
25
26
6
-1
30
-1
-1
-1
-1
-1
-1
-1
45
-1
-1
35
-1
-1
-1
-1
15
15
25
21
-1
-1
54
-1
-1
-1
-1
-1
-1
-1
64
-1
-1
35
-1
-1
-1
-1
35
15
25
-1
-1
60
-1
-1
-1
-1
-1
-1
-1
-1
64
-1
-1
-1
-1
-1
-1
36
4
15
25
-1
-1
164
-1
-1
-1
-1
-1
-1
-1
15
64
-1
-1
-1
-1
-1
-1
36
4
15
40
-1
-1
-1
-1
-1
-1
-1
-1
-1
-1
25
31
33
-1
-1
-1
-1
-1
48
4
15
66
-1
-1
-1
-1
-1
-1
-1
-1
-1
-1
50
31
33
-1
-1
-1
-1
-1
66
4
15
147
-1
-1
-1
-1
-1
-1
-1
-1
-1
-1
-1
31
13
-1
-1
-1
-1
-1
66
4
15
-1
-1
-1
-1
-1
-1
-1
-1
-1
-1
-1
25
31
-1
-1
-1
-1
-1
-1
66
4
96
-1
-1
-1
-1
-1
-1
-1
-1
-1
-1
-1
25
19
-1
-1
-1
85
-1
25
11
4
66
-1
-1
-1
-1
-1
-1
-1
-1
-1
-1
-1
25
-1
-1
-1
-1
64
-1
25
11
4
66
-1
-1
-1
160
-1
-1
-1
-1
-1
-1
-1
25
-1
-1
-1
-1
64
-1
25
11
4
66
-1
-1
-1
55
-1
-1
-1
-1
-1
-1
-1
10
-1
-1
-1
-1
98
-1
25
11
4
66
-1
-1
-1
175
-1
-1
-1
-1
-1
-1
-1
-1
-1
-1
-1
-1
-1
30
25
11
4
55
-1
-1
68
-1
-1
-1
-1
-1
-1
-1
-1
-1
-1
-1
-1
-1
-1
64
25
11
4
-1
51
-1
-1
-1
-1
-1
-1
-1
-1
-1
-1
25
-1
-1
-1
-1
-1
64
25
11
19
-1
51
-1
-1
-1
-1
-1
-1
-1
-1
-1
-1
25
-1
-1
-1
-1
-1
64
25
11
15
-1
52
-1
-1
-1
-1
-1
-1
-1
-1
-1
-1
10
-1
-1
-1
-1
-1
64
25
11
-1
15
41
-1
-1
-1
-1
-1
-1
-1
-1
-1
-1
-1
-1
-1
-1
-1
-1
64
25
11
-1
15
41
-1
-1
-1
-1
-1
-1
-1
-1
-1
1
-1
-1
-1
-1
-1
34
30
25
11
-1
15
25
-1
-1
-1
-1
-1
-1
-1
-1
-1
1
-1
-1
-1
-1
-1
34
30
25
11
-1
15
25
-1
-1
-1
-1
-1
-1
-1
-1
-1
-1
-1
-1
-1
-1
-1
34
30
25
5
-1
15
17
-1
-1
-1
-1
-1
-1
-1
-1
-1
-1
-1
-1
-1
-1
-1
34
30
25
-1
-1
15
25
-1
-1
-1
-1
