0
0
590
590
0
0
0
0
0
0
0
0
0
0
0
0
0
0
0
0
0
0
0
0
544
544
0
0
0
0
0
0
0
0
0
0
0
0
0
0
0
0
0
0
0
0
0
0
0
0
0
0
0
0
0
0
0
0
0
0
0
0
0
0
0
0
0
0
0
0
0
0
0
0
0
0
0
0
0
0
0
0
0
0
0
0
0
0
0
0
0
0
0
0
0
0
0
0
0
0
0
0
0
0
0
0
0
0
0
0
0
0
0
0
0
0
0
0
0
0
0
0
0
0
0
0
0
0
0
0
0
2
0
0
0
0
0
0
0
0
0
0
132
0
0
468
0
0
0
0
0
0
1
1
0
0
0
0
0
0
0
0
0
41
0
0
0
469
0
0
0
0
0
0
5
5
0
0
0
0
0
0
0
0
0
81
0
0
0
462
0
0
0
0
0
0
12
951
0
0
0
0
0
0
0
0
0
0
0
0
550
1036
0
0
0
0
0
0
0
0
0
0
0
0
0
0
0
0
115
99
0
0
521
0
0
0
0
0
0
0
12
579
0
0
0
0
0
0
0
0
112
0
0
0
529
0
0
0
0
0
0
0
191
758
0
0
0
0
0
0
0
0
0
0
0
0
527
0
0
0
0
0
0
0
161
731
0
0
0
0
0
0
0
0
0
0
0
598
0
0
0
0
0
0
0
412
412
945
0
0
0
0
0
0
0
0
0
0
0
595
0
0
0
0
0
0
0
356
357
947
0
0
0
0
0
0
0
0
0
0
0
621
0
0
0
0
0
0
0
0
1
0
0
0
0
0
0
0
0
0
0
0
0
600
0
0
0
0
0
0
0
0
0
0
0
0
0
0
0
0
0
0
0
0
0
616
0
0
0
0
0
0
0
0
0
0
0
0
0
0
0
0
0
0
0
0
0
612
0
0
0
0
0
0
0
0
0
0
0
0
0
0
0
0
0
0
0
0
0
603
0
0
0
0
0
0
0
0
0
0
0
0
0
0
0
0
0
0
0
0
0
609
0
0
0
0
0
0
0
0
0
0
0
0
0
0
0
0
0
0
0
0
643
0
0
0
0
0
0
0
0
0
0
0
0
0
0
0
0
0
0
0
0
0
0
0
0
0
0
0
0
0
0
0
0
0
0
0
0
0
0
0
0
0
0
0
0
0
0
0
0
0
0
0
0
0
0
0
0
0
0
0
0
0
0
0
0
0
0
0
0
0
0
0
0
0
0
0
0
0
0
0
0
0
0
0
0
0
0
0
0
0
0
0
0
0
0
0
0
0
0
0
0
0
0
0
0
0
0
0
0
0
0
0
0
0
0
0
0
0
0
0
0
0
0
0
0
0
0
0
0
0
0
0
0
0
0
0
0
0
0
0
0
0
0
0
0
0
0
0
0
0
0
0
0
0
0
0
0
0
0
0
0
0
0
784
0
0
0
0
0
0
0
0
0
0
0
0
0
0
0
0
0
0
0
0
665
2117
0
0
0
0
0
0
0
0
0
0
0
0
0
0
0
0
0
0
0
0
2317
0
0
0
0
0
0
0
0
0
0
0
0
0
0
0
0
0
0
0
0
0
0
0
0
0
0
0
0
0
0
0
0
0
0
0
0
0
0
0
0
0
0
874
0
0
0
0
0
0
0
0
0
0
0
0
0
0
0
0
0
0
0
0
149
1863
0
0
0
0
0
0
0
0
0
0
0
0
0
0
0
0
0
0
0
0
0
0
0
0
0
0
0
0
0
0
0
0
0
0
0
0
0
0
0
0
0
0
0
0
0
0
0
0
0
0
0
0
0
0
0
0
0
0
0
0
0
0
0
0
0
0
0
0
0
0
0
0
0
0
0
0
0
0
0
0
0
0
0
0
0
0
0
0
0
1448
0
0
0
0
0
0
0
0
0
0
0
0
0
0
0
0
0
0
300
557
590
2844
0
0
0
0
0
0
0
0
0
0
0
0
0
0
0
0
0
0
1538
3503
1130
3545
0
0
0
0
0
0
0
0
0
0
0
0
0
0
0
0
0
0
1840
0
0
0
0
0
0
0
0
0
0
0
0
0
0
0
0
0
0
0
0
0
1839
0
0
0
0
35
0
0
0
0
0
0
0
0
0
0
0
0
0
0
0
0
1542
0
0
0
0
60
0
0
0
0
0
0
0
0
0
4
4
4
0
0
0
1150
0
0
0
0
0
77
0
0
0
0
0
0
0
0
0
4
4
4
0
0
0
1175
0
0
0
0
0
1120
0
0
0
0
0
0
0
0
0
3
576
576
0
0
0
0
0
0
0
0
0
1110
0
0
0
0
0
0
0
0
0
2
760
760
0
0
876
0
0
0
0
0
200
1120
0
0
0
0
0
0
0
0
0
0
0
0
0
0
3294
0
0
0
0
0
0
1111
0
0
0
0
0
0
0
0
0
3
0
0
0
0
3142
0
0
0
0
0
0
0
0
0
0
0
0
0
0
0
1095
19
0
0
0
0
3261
0
0
0
0
0
0
0
0
0
0
0
0
0
0
0
0
6
0
0
0
0
3230
0
0
0
0
0
635
0
0
0
0
0
0
0
0
0
0
3
0
0
0
2550
3929
0
0
0
0
532
0
0
0
0
0
0
0
0
0
0
0
0
0
0
0
2878
0
0
0
0
0
1059
0
0
0
0
0
0
0
0
0
0
0
0
0
0
0
3599
0
0
0
0
0
0
0
0
0
0
0
0
0
0
0
0
0
0
0
0
1224
3749
0
0
0
0
0
0
0
0
0
0
0
0
0
0
0
0
0
0
0
0
2123
3861
0
0
0
0
0
0
0
0
0
0
0
0
0
0
0
0
0
0
0
0
2128
3873
0
0
0
0
0
0
0
0
0
0
0
0
0
0
0
0
0
0
0
0
2566
3796
0
0
0
0
0
0
451
0
0
0
0
0
0
0
0
0
0
0
0
1046
0
0
0
0
0
0
0
0
895
0
0
0
0
0
0
0
0
0
0
0
0
0
0
0
0
0
0
0
0
1626
1341
0
0
0
0
0
0
0
0
0
0
0
0
0
0
0
0
0
0
0
0
558
0
0
0
0
0
0
0
0
0
0
0
0
0
0
0
0
0
0
0
0
0
546
0
0
0
0
0
0
0
0
0
0
0
0
0
0
0
0
0
0
0
0
468
0
0
0
0
0
0
0
0
0
0
0
0
0
0
2161
0
0
0
0
0
0
0
0
0
0
0
0
0
0
0
0
0
0
0
0
0
2192
0
0
0
0
0
0
0
0
0
0
0
0
0
0
0
0
0
0
0
0
0
2176
0
0
0
0
0
0
0
0
0
0
0
0
0
0
0
0
0
0
0
0
0
2190
0
0
0
0
0
0
0
0
0
0
0
0
0
0
0
0
0
0
0
0
0
2184
0
0
0
0
0
0
0
0
0
0
0
0
0
0
0
0
0
0
0
0
0
0
0
0
0
0
0
0
0
0
0
0
0
0
0
0
0
0
0
0
0
0
0
0
0
0
0
0
0
0
0
0
0
0
0
0
0
0
0
0
0
0
0
0
0
0
0
0
0
0
0
0
0
0
0
0
0
0
0
0
0
0
0
0
0
0
0
0
0
0
0
0
0
0
0
0
0
0
