-1
-1
-1
-1
7
-1
-1
-1
-1
-1
-1
23
49
107
65
97
148
108
-1
-1
-1
-1
-1
-1
-1
-1
7
-1
-1
-1
-1
-1
129
126
51
107
-1
96
148
108
-1
-1
-1
-1
-1
88
-1
-1
7
-1
-1
-1
-1
-1
127
46
51
65
-1
75
109
108
-1
-1
-1
-1
-1
71
-1
-1
-1
-1
-1
-1
-1
-1
127
62
25
65
-1
157
109
-1
-1
-1
-1
-1
-1
71
-1
-1
-1
-1
-1
-1
-1
-1
127
62
-1
65
97
86
108
-1
-1
-1
-1
-1
88
95
102
7
-1
-1
-1
-1
-1
-1
-1
160
-1
-1
97
86
108
-1
-1
-1
-1
-1
88
95
103
7
-1
-1
-1
-1
-1
-1
-1
118
-1
-1
97
109
-1
-1
-1
-1
-1
-1
95
89
103
7
-1
-1
-1
-1
-1
-1
159
118
-1
-1
96
109
-1
-1
-1
-1
-1
-1
95
89
-1
-1
-1
-1
-1
-1
-1
-1
119
-1
-1
-1
153
116
-1
-1
-1
-1
-1
-1
-1
90
7
-1
-1
-1
-1
-1
-1
-1
-1
-1
-1
-1
158
116
-1
-1
-1
-1
-1
-1
69
70
7
-1
-1
-1
-1
-1
-1
146
-1
-1
-1
97
86
116
-1
-1
-1
-1
-1
-1
92
91
8
-1
-1
-1
-1
-1
-1
146
-1
-1
-1
73
86
-1
-1
-1
-1
-1
-1
-1
92
111
9
-1
-1
-1
-1
81
-1
146
-1
-1
-1
72
109
-1
-1
-1
-1
-1
-1
-1
68
-1
9
-1
-1
-1
-1
80
-1
-1
-1
-1
112
72
109
-1
-1
-1
-1
-1
-1
-1
104
12
-1
-1
-1
-1
83
80
140
143
-1
-1
112
148
116
-1
-1
-1
-1
-1
-1
-1
-1
12
-1
-1
-1
-1
83
147
135
143
-1
-1
115
148
116
-1
-1
-1
-1
-1
-1
67
-1
10
-1
-1
-1
-1
83
145
136
137
-1
-1
114
149
-1
-1
-1
-1
-1
-1
-1
-1
-1
10
-1
-1
-1
-1
82
139
136
134
-1
-1
114
149
-1
-1
-1
-1
151
120
-1
-1
117
-1
-1
-1
-1
78
147
141
131
-1
-1
-1
150
108
-1
-1
-1
-1
151
120
-1
-1
117
-1
-1
-1
-1
78
-1
133
131
-1
-1
-1
150
108
-1
-1
-1
151
-1
120
-1
-1
-1
-1
-1
-1
-1
78
-1
133
-1
-1
-1
-1
150
108
-1
-1
-1
151
-1
-1
-1
117
-1
-1
-1
-1
-1
78
-1
-1
-1
-1
152
-1
108
-1
-1
-1
-1
151
-1
-1
-1
117
-1
-1
-1
-1
-1
78
-1
-1
-1
-1
152
-1
108
-1
-1
-1
-1
161
-1
-1
-1
-1
-1
-1
-1
-1
78
-1
-1
-1
-1
-1
152
-1
108
-1
-1
-1
-1
161
-1
-1
-1
-1
-1
-1
-1
-1
78
-1
-1
-1
-1
152
-1
-1
108
-1
-1
-1
-1
161
-1
-1
-1
-1
-1
-1
-1
-1
78
-1
-1
-1
-1
-1
-1
-1
-1
-1
-1
-1
163
-1
-1
-1
-1
-1
-1
-1
-1
-1
78
-1
-1
-1
-1
-1
-1
-1
-1
-1
-1
-1
163
-1
-1
-1
-1
-1
-1
-1
-1
-1
78
-1
-1
-1
-1
-1
-1
-1
-1
-1
-1
-1
163
-1
-1
-1
-1
-1
-1
-1
-1
78
-1
-1
-1
-1
-1
-1
-1
-1
-1
-1
-1
-1
163
-1
-1
-1
-1
-1
-1
-1
-1
78
-1
-1
-1
-1
-1
-1
-1
-1
-1
-1
-1
-1
-1
-1
-1
57
-1
-1
-1
-1
-1
78
-1
-1
-1
-1
-1
-1
-1
-1
-1
-1
-1
-1
-1
-1
-1
56
-1
-1
-1
-1
-1
78
-1
-1
-1
-1
-1
-1
-1
-1
-1
-1
-1
-1
-1
-1
57
-1
-1
-1
-1
-1
-1
78
-1
-1
-1
-1
-1
-1
-1
-1
-1
-1
-1
-1
-1
-1
57
-1
-1
-1
-1
-1
84
-1
-1
-1
-1
-1
-1
-1
-1
-1
-1
-1
-1
-1
-1
-1
56
-1
-1
-1
-1
-1
84
-1
-1
-1
-1
-1
-1
-1
-1
-1
-1
-1
-1
-1
-1
-1
-1
-1
-1
-1
-1
-1
84
-1
-1
-1
-1
-1
-1
-1
-1
-1
-1
-1
-1
-1
-1
-1
-1
-1
-1
-1
-1
83
84
-1
-1
-1
-1
-1
-1
-1
-1
-1
-1
-1
-1
-1
-1
-1
-1
-1
-1
-1
-1
83
-1
-1
-1
-1
-1
-1
-1
-1
-1
-1
-1
-1
-1
-1
-1
-1
-1
-1
-1
-1
-1
82
-1
-1
-1
-1
-1
-1
-1
-1
-1
-1
-1
-1
-1
-1
-1
-1
-1
-1
-1
-1
-1
82
-1
-1
-1
-1
-1
-1
-1
-1
-1
-1
-1
163
-1
-1
-1
-1
18
128
-1
-1
80
147
-1
-1
-1
-1
-1
-1
-1
-1
-1
-1
-1
163
-1
-1
-1
21
40
130
-1
-1
80
145
-1
-1
-1
-1
-1
-1
-1
-1
-1
-1
151
163
-1
-1
-1
19
128
130
-1
-1
80
139
-1
-1
-1
-1
-1
-1
-1
-1
-1
-1
151
163
-1
-1
-1
50
32
129
-1
-1
145
139
-1
-1
-1
-1
-1
-1
-1
-1
-1
-1
151
163
-1
-1
77
22
121
127
-1
-1
140
-1
-1
-1
-1
-1
-1
-1
-1
-1
-1
-1
162
-1
-1
-1
17
42
23
127
-1
-1
141
-1
-1
-1
-1
-1
-1
-1
-1
-1
-1
-1
162
-1
-1
164
14
5
54
-1
-1
-1
138
-1
-1
-1
-1
-1
-1
-1
-1
-1
-1
-1
162
-1
-1
77
3
5
39
160
146
-1
133
-1
-1
-1
-1
-1
-1
-1
-1
-1
-1
-1
-1
-1
-1
77
37
60
46
159
146
-1
132
-1
-1
-1
-1
-1
-1
-1
-1
-1
-1
-1
-1
-1
-1
77
13
26
62
119
146
136
-1
-1
-1
-1
-1
-1
-1
88
-1
-1
120
-1
-1
-1
-1
77
29
45
62
118
-1
131
-1
-1
-1
-1
-1
-1
-1
88
-1
-1
120
-1
-1
-1
-1
77
0
45
160
-1
-1
131
-1
-1
-1
-1
-1
-1
-1
88
-1
-1
120
-1
-1
-1
-1
37
55
4
-1
-1
143
144
-1
-1
-1
-1
-1
-1
-1
95
-1
-1
-1
-1
-1
-1
77
37
55
25
-1
-1
143
-1
-1
-1
-1
-1
-1
-1
71
95
-1
-1
-1
-1
-1
-1
77
13
106
85
-1
-1
-1
-1
-1
-1
-1
-1
-1
-1
71
69
67
-1
-1
-1
-1
-1
77
0
59
107
-1
-1
-1
-1
-1
-1
-1
-1
-1
-1
71
69
67
-1
-1
-1
-1
-1
77
0
105
107
-1
-1
-1
-1
-1
-1
-1
-1
-1
-1
-1
66
67
-1
-1
-1
-1
-1
14
55
105
-1
-1
-1
-1
-1
-1
-1
-1
-1
-1
-1
89
93
-1
-1
-1
-1
-1
-1
37
106
101
-1
-1
-1
-1
-1
-1
-1
-1
-1
-1
-1
89
104
-1
-1
-1
57
-1
21
13
106
107
-1
-1
-1
-1
-1
-1
-1
-1
-1
-1
-1
102
104
-1
-1
-1
57
-1
21
13
106
65
-1
-1
-1
152
-1
-1
-1
-1
-1
-1
-1
103
-1
117
-1
-1
56
-1
17
0
105
65
-1
-1
-1
152
-1
-1
-1
-1
-1
-1
-1
91
-1
117
-1
-1
56
-1
41
0
105
65
-1
-1
-1
152
-1
-1
-1
-1
-1
-1
-1
91
12
117
-1
-1
-1
19
36
55
105
65
-1
-1
152
-1
-1
-1
-1
-1
-1
-1
-1
8
-1
-1
-1
-1
-1
19
36
106
65
-1
112
-1
-1
-1
-1
-1
-1
-1
-1
-1
-1
11
-1
-1
-1
-1
-1
50
29
106
65
-1
112
-1
-1
-1
-1
-1
-1
-1
-1
-1
-1
10
-1
-1
-1
-1
-1
30
31
105
65
-1
115
-1
-1
-1
-1
-1
-1
-1
-1
-1
7
10
-1
-1
-1
-1
-1
22
34
105
65
97
114
-1
-1
-1
-1
-1
-1
-1
-1
-1
7
10
-1
-1
-1
-1
-1
53
16
105
-1
97
114
-1
-1
-1
-1
-1
-1
-1
-1
-1
7
-1
-1
-1
-1
-1
128
53
59
101
-1
73
150
-1
-1
-1
-1
-1
-1
-1
-1
-1
7
-1
-1
-1
-1
-1
128
33
58
65
-1
73
150
-1
-1
-1
-1
-1
-1
-1
-1
-1
9
-1
-1
-1
-1
-1
122
26
20
65
-1
72
149
-1
-1
-1
-1
-1
-1
-1
-1
7
-1
-1
-1
-1
-1
-1
123
47
85
65
97
76
108
-1
-1
-1
-1
