0
0
590
0
0
0
0
0
0
0
0
1308
4095
2233
0
0
245
0
0
0
0
0
0
0
544
0
0
0
0
0
0
0
0
1316
4095
2288
0
5
33
0
0
0
0
0
0
0
520
0
0
0
0
0
0
0
0
4095
4095
1512
0
87
142
0
0
0
0
0
0
824
548
0
0
0
0
0
0
0
2
4095
4095
464
0
64
359
2
0
0
0
0
0
1407
534
0
0
0
0
0
0
0
12
4095
0
428
0
41
405
0
0
0
0
0
0
1414
544
0
0
0
0
0
0
0
15
4095
0
467
0
81
422
0
0
0
0
2
1654
1417
543
0
0
0
0
0
0
0
132
3469
494
468
0
76
246
0
0
0
1
0
1762
1432
553
0
0
0
0
0
0
41
203
0
567
469
92
39
0
0
0
0
5
0
1574
1388
0
0
0
0
0
0
0
81
96
132
532
462
247
0
0
0
0
0
6
408
1570
1403
0
0
0
0
0
0
20
99
0
612
550
486
12
0
0
0
0
0
6
530
1761
1368
175
0
0
0
0
0
75
768
0
603
521
444
209
0
0
0
0
0
12
567
1754
561
396
0
0
0
0
0
112
1324
638
607
529
477
221
0
0
0
0
0
191
567
1718
0
384
0
0
0
0
0
934
1182
560
596
527
464
188
0
0
0
0
0
161
570
1794
0
0
0
0
0
0
108
1281
1204
553
598
529
435
153
0
0
0
0
412
0
532
0
172
0
0
0
0
0
0
1225
1282
636
595
571
336
143
0
0
0
0
356
1
590
0
179
0
0
0
0
42
0
1240
1299
599
621
346
138
144
0
0
0
0
0
1
564
0
68
0
0
0
0
52
0
1214
1336
624
600
350
10
114
0
0
0
0
0
0
110
0
0
0
0
0
0
0
720
1295
0
617
616
472
2
0
0
0
0
6
0
0
0
0
0
0
0
0
0
0
1148
1236
0
587
612
290
9
0
0
0
0
17
0
0
0
0
0
0
0
0
55
0
1173
0
0
637
603
83
332
0
0
0
0
18
0
0
0
0
0
0
0
0
0
0
1127
0
0
643
609
40
529
0
0
0
33
12
0
0
0
0
0
0
0
0
0
0
229
0
0
523
249
27
203
0
0
0
78
0
0
0
0
0
0
0
0
0
0
0
0
0
0
335
0
0
0
0
0
0
89
0
0
0
0
0
0
0
0
0
0
0
0
0
0
410
0
0
0
0
0
0
68
0
0
0
0
0
0
0
0
28
0
0
0
0
0
219
0
0
0
0
0
0
0
0
0
0
0
0
0
0
0
0
0
0
0
0
0
0
0
0
0
0
0
0
0
0
0
0
0
0
0
0
0
0
0
0
0
0
0
0
0
0
0
0
0
0
0
0
0
0
0
0
0
0
0
0
0
0
0
0
0
0
0
0
0
0
0
0
0
0
784
0
0
0
0
0
0
0
0
0
0
0
0
0
0
0
0
0
0
0
0
0
1333
0
0
0
0
0
3
0
0
0
0
0
4
0
0
0
0
0
0
0
0
665
1312
0
0
0
0
0
17
0
0
0
0
74
49
0
0
0
0
0
0
0
0
2317
874
0
0
0
0
0
0
0
0
0
0
71
68
0
0
0
0
0
0
0
0
4095
904
0
0
0
0
0
0
0
0
0
0
54
0
0
0
0
0
0
0
0
874
2348
873
0
0
0
0
0
0
0
0
0
0
55
0
0
0
0
0
0
0
0
435
428
147
0
0
0
0
80
0
0
0
0
7
0
0
0
0
0
0
0
0
0
417
416
158
0
0
0
0
0
0
0
0
0
10
0
0
0
0
0
0
0
0
0
431
476
177
0
0
0
0
0
0
0
0
0
0
0
0
0
0
0
0
0
0
149
430
429
1448
0
0
0
42
0
0
0
0
0
0
0
0
0
0
0
0
0
0
300
557
590
1396
0
0
0
33
0
0
0
0
0
0
0
0
0
0
0
0
0
0
312
532
539
701
0
0
0
0
0
0
0
0
0
0
0
0
0
0
0
30
0
0
314
399
551
550
0
0
130
0
0
0
0
0
0
0
0
0
0
0
0
35
0
0
1840
2255
4095
1158
0
0
102
0
0
0
0
0
0
0
0
0
0
0
0
36
0
1186
1839
2256
958
1142
0
35
372
313
0
0
0
0
0
0
0
0
0
0
47
20
0
1120
1542
2553
975
1172
0
60
79
368
0
0
0
0
0
0
0
4
0
0
104
0
0
1150
1384
4095
948
732
0
77
301
374
0
0
0
0
0
0
0
4
0
0
108
0
0
1175
1402
4095
993
1630
144
1120
1140
377
0
0
0
0
0
0
0
3
573
0
77
0
0
1196
1360
4095
1009
2321
200
1110
1142
0
0
0
0
0
0
0
0
2
757
0
0
0
876
1154
1352
4095
2344
2578
533
1120
1170
0
0
0
0
0
0
0
0
3
0
0
0
0
3294
581
1352
4095
4095
2351
764
1111
720
0
0
0
0
0
0
0
1095
4
0
0
0
0
3142
373
1406
4095
4095
1149
724
1157
0
0
0
0
0
0
0
0
1827
4
0
0
0
0
3261
370
1349
4095
4095
0
628
1081
0
0
0
0
0
0
0
689
1813
6
0
0
0
0
3230
334
1359
4095
4095
101
635
912
0
0
0
0
0
0
0
1772
1902
3
0
0
0
2550
1379
166
1393
4095
0
532
612
0
0
0
0
0
0
0
0
1722
1866
0
0
0
0
2878
1217
376
1362
4095
0
537
606
0
0
0
0
0
0
0
815
1734
1878
0
0
0
0
3599
496
348
1376
3532
381
522
454
0
0
0
0
0
0
0
1392
1718
1833
0
0
0
1224
2525
346
388
1337
906
466
527
455
0
0
0
0
0
0
0
1378
1705
1810
0
0
0
2123
1738
234
383
1380
897
478
545
439
0
0
0
0
0
0
0
1395
1781
724
0
0
0
2128
1744
222
368
1385
477
473
565
451
0
0
0
0
0
0
0
1403
1778
0
0
0
1046
2566
1230
299
385
1385
434
462
542
444
0
0
0
0
0
0
0
1433
1056
0
0
0
1647
1402
2288
983
361
1356
465
462
538
445
0
0
0
0
0
0
0
1421
0
0
0
0
2184
1911
2309
976
380
1187
444
472
549
413
0
0
0
0
0
0
0
1411
0
0
0
0
2222
1873
2213
979
385
284
428
481
558
359
0
38
0
0
0
0
0
553
0
0
0
0
1407
1269
2255
952
367
260
449
468
546
261
16
71
0
0
0
0
0
0
0
0
0
0
1419
4095
2204
1041
366
285
465
468
529
72
72
19
0
0
0
0
0
0
0
0
0
0
2161
1934
2236
968
363
285
438
474
226
0
61
0
0
0
0
0
0
415
0
0
0
0
2192
1903
2283
992
347
282
446
455
0
0
24
0
0
0
0
0
0
398
0
0
0
0
2176
1919
2283
1031
0
265
86
430
0
0
11
0
0
0
0
0
0
169
0
0
0
0
2190
1905
2326
982
0
270
129
0
0
39
0
0
0
0
0
0
0
0
0
0
0
0
2184
1911
2311
997
0
285
332
0
0
47
0
0
0
0
0
0
17
0
0
0
0
0
2809
4095
2247
1039
0
268
182
0
0
0
0
0
0
0
0
0
18
0
0
0
0
0
1279
4095
2283
1043
0
259
182
0
0
0
0
0
0
0
0
0
0
0
0
0
0
0
1321
4095
2315
463
0
249
66
0
0
0
0
0
0
0
0
0
0
0
0
0
0
0
1291
4095
2292
0
0
107
18
0
0
0
0
