0
0
0
0
539
0
0
0
0
0
0
1311
4095
2268
0
0
237
1
0
0
0
0
0
0
0
0
547
0
0
0
0
0
0
1308
4095
2324
0
3
31
0
0
0
0
0
0
546
0
0
0
0
0
0
0
0
0
4095
4095
1491
0
91
138
0
0
0
0
0
0
1413
0
0
0
0
0
0
0
0
3
4095
4095
462
0
61
347
0
0
0
0
0
0
2023
0
0
0
0
0
0
0
0
29
4095
0
893
0
47
406
0
0
0
0
0
1
1377
537
0
0
0
0
0
0
0
0
4095
0
0
0
95
589
0
0
0
0
0
1697
1375
565
0
0
0
0
0
0
0
0
4095
0
0
469
71
0
0
0
0
0
0
1719
1369
572
0
0
0
0
0
0
0
198
1869
0
0
572
61
0
0
0
0
0
0
4095
1422
0
0
0
0
0
0
0
0
193
0
0
0
681
0
0
0
0
0
0
0
0
1368
0
0
0
0
0
0
0
0
0
0
0
0
1057
0
0
0
0
0
0
0
2360
1406
170
0
0
0
0
0
0
1588
0
0
0
1016
202
0
0
0
0
0
0
0
2466
547
393
0
0
0
0
0
0
2622
0
0
0
1004
223
0
0
0
0
0
0
0
2476
0
403
0
0
0
0
905
0
4095
0
0
0
1007
191
0
0
0
0
0
0
0
2679
0
0
0
0
0
0
1340
0
0
0
0
1130
436
161
0
0
0
0
0
0
0
923
174
0
0
0
0
0
0
1206
1960
0
0
1171
332
134
0
0
0
0
0
0
0
0
159
0
0
0
0
46
0
1253
1943
0
0
954
144
232
0
0
0
0
0
0
653
0
73
0
0
0
0
47
0
1291
1900
0
0
951
10
0
0
0
0
0
0
0
0
0
0
0
0
0
0
0
762
1232
1231
0
0
1102
6
0
0
0
0
1
0
0
0
0
0
0
0
0
0
0
1143
1264
0
0
0
895
7
0
0
0
0
37
0
0
0
0
0
0
0
0
50
0
1154
604
0
0
0
675
351
0
0
0
0
0
0
0
0
0
0
0
0
0
0
0
1372
0
0
0
0
642
743
0
0
0
56
0
0
0
0
0
0
0
0
0
0
0
0
0
0
1415
0
33
0
0
0
0
89
0
0
0
0
0
0
0
0
0
0
0
0
0
0
316
0
0
0
0
0
0
84
0
0
0
0
0
0
0
0
0
0
0
0
0
0
612
0
1
0
0
0
0
61
0
0
0
0
0
0
0
0
30
0
0
0
0
39
0
0
0
0
0
0
0
0
0
0
0
0
0
0
0
0
0
0
0
0
0
0
0
0
0
0
0
0
0
0
0
0
0
0
0
0
0
0
0
0
0
0
0
0
0
0
0
0
0
0
0
0
0
0
0
0
0
0
0
0
0
0
0
0
0
0
0
0
0
0
0
0
0
0
0
0
0
0
0
0
0
0
0
0
0
0
0
0
0
0
0
0
0
0
0
0
0
0
0
0
0
0
0
9
0
0
0
0
0
0
0
0
0
0
0
0
0
0
0
4095
0
0
0
0
0
99
0
0
0
0
0
0
0
0
0
0
0
0
0
0
0
4095
0
0
0
0
0
146
0
0
0
0
0
0
0
0
0
0
0
0
0
0
4095
0
0
0
0
0
0
95
0
0
0
0
0
0
0
0
0
0
0
0
0
0
4095
0
0
0
0
0
0
0
0
0
0
0
0
0
0
0
0
0
0
0
0
0
4095
0
0
0
0
0
110
0
0
0
0
0
0
0
0
0
0
0
0
0
0
0
0
0
0
0
0
0
15
0
0
0
0
0
0
0
0
0
0
0
0
0
0
0
0
0
0
0
0
0
0
0
0
0
0
0
0
0
0
0
0
0
0
0
0
0
0
0
0
0
0
54
0
0
0
0
0
0
0
0
0
0
0
0
0
0
0
0
0
0
0
0
0
45
0
0
0
0
0
0
0
0
0
0
0
0
0
0
0
0
0
0
0
0
0
0
0
0
0
0
0
0
0
0
0
0
0
24
0
0
0
0
4095
4095
0
0
145
0
0
0
0
0
0
0
0
0
0
0
0
39
0
0
0
4095
4095
1151
0
0
139
0
0
0
0
0
0
0
0
0
0
0
0
1245
0
0
0
4095
1004
1142
0
0
475
301
0
0
0
0
0
0
0
0
0
0
41
1165
0
0
0
4095
976
1177
0
0
143
751
0
0
0
0
0
0
0
0
0
0
106
0
0
0
2522
4095
1018
735
0
0
1420
0
0
0
0
0
0
0
0
0
0
0
119
0
0
0
2453
4095
965
4095
0
0
2615
0
0
0
0
0
0
0
0
0
0
0
658
0
0
1170
1362
4095
1020
0
0
0
2251
0
0
0
0
0
0
0
0
0
0
0
729
0
0
2058
1319
4095
2287
2626
751
0
2290
0
0
0
0
0
0
0
0
0
0
0
0
0
0
3869
1344
4095
4095
2419
741
0
727
0
0
0
0
0
0
0
0
0
0
0
0
0
0
3603
1311
4095
4095
1141
1422
1114
0
0
0
0
0
0
0
2931
0
0
7
0
0
0
0
3564
1379
4095
4095
104
0
1170
0
0
0
0
0
0
0
2537
0
0
4
0
0
0
0
3618
1368
4095
4095
0
0
1539
0
0
0
0
0
0
0
3588
0
0
5
0
0
0
0
4095
1332
4095
0
0
1189
0
0
0
0
0
0
0
0
3594
0
0
0
0
0
0
4095
398
1317
4095
0
0
3017
0
0
0
0
0
0
0
852
3502
0
0
0
0
0
0
4095
378
1363
3721
0
0
0
0
0
0
0
0
0
0
1372
1757
1862
0
0
0
0
0
4095
368
1359
1937
0
0
0
0
0
0
0
0
0
0
2796
1729
1857
0
0
0
0
0
4095
349
1329
3328
0
0
0
0
0
0
0
0
0
0
0
1685
741
0
0
0
0
0
4095
347
1388
0
0
0
0
0
0
0
0
0
0
0
1397
1712
0
0
0
0
0
0
4095
354
2773
0
0
0
0
0
0
0
0
0
0
0
1424
1057
0
0
0
4095
0
2267
1027
350
2232
0
0
0
0
0
0
0
0
0
0
0
1417
0
0
0
0
4095
0
2231
971
347
2013
0
0
0
2829
0
0
0
0
0
0
0
1421
0
0
0
0
4095
0
2272
976
380
1159
0
0
0
881
0
0
0
0
0
0
0
558
0
0
0
0
4095
0
2262
981
375
1410
0
0
0
1154
0
0
0
0
0
0
0
0
0
0
0
0
0
4095
2266
1022
339
0
0
0
1219
0
0
0
0
0
0
0
0
0
0
0
0
0
0
4095
2309
993
637
0
1316
0
0
0
0
0
0
0
0
0
0
402
0
0
0
0
0
4095
2305
967
651
0
931
0
0
0
0
0
0
0
0
0
0
407
0
0
0
0
0
4095
2309
1005
267
0
506
0
0
0
0
0
0
0
0
0
0
171
0
0
0
0
0
4095
2292
1012
0
275
185
0
0
0
0
0
0
0
0
0
0
0
0
0
0
0
0
4095
2332
1000
0
271
361
0
0
0
0
0
0
0
0
0
15
0
0
0
0
0
2800
4095
2233
1021
0
274
207
0
0
0
0
0
0
0
0
0
17
0
0
0
0
0
1269
4095
2309
996
0
277
162
0
0
0
0
0
0
0
0
0
0
0
0
0
0
0
1298
4095
2283
452
0
269
57
0
0
0
0
0
0
0
0
0
0
0
0
0
0
0
1293
4095
2207
0
0
102
25
0
0
0
0
