45
0
0
15
24
48
0
23
23
23
37
25
19
41
82
0
25
44
195
135
25
89
89
60
0
43
55
0
0
40
65
25
26
31
25
0
50
121
0
26
26
25
24
0
0
48
60
31
0
31
104
62
0
96
26
34
474
312
25
40
24
0
120
0
0
377
31
107
97
148
25
168
96
86
36
4
15
273
139
0
165
0
3
13
22
64
29
0
241
100
25
19
180
31
0
421
37
107
0
0
0
106
25
55
64
75
60
327
437
133
0
-1
254
0
210
116
213
-7
175
56
172
26
34
34
0
0
34
123
170
29
60
152
19
129
70
33
96
70
61
47
78
102
0
364
-1
40
583
-3
80
70
193
235
643
0
0
0
0
3
61
48
67
48
224
256
4
