0
0
539
539
0
0
0
0
0
0
0
0
0
0
0
0
0
0
0
0
0
0
0
0
547
547
0
0
0
0
0
0
0
0
0
0
0
0
0
0
0
0
0
0
0
0
0
0
0
0
0
0
0
0
0
0
0
0
0
0
0
0
0
0
0
0
0
0
0
0
0
0
0
0
0
0
0
0
0
0
0
0
0
0
0
0
0
0
0
0
0
0
0
0
0
0
0
0
0
0
0
0
0
0
0
0
0
0
0
0
0
0
0
0
0
0
0
0
0
0
0
0
0
0
0
0
0
0
0
0
0
1
0
0
0
0
0
0
0
0
0
0
117
0
0
469
0
0
0
0
0
0
0
1
0
0
0
0
0
0
0
0
0
21
0
0
0
470
0
0
0
0
0
0
3
4
0
0
0
0
0
0
0
0
0
79
0
0
0
429
0
0
0
0
0
0
12
914
0
0
0
0
0
0
0
0
0
0
0
0
593
1047
0
0
0
0
0
0
0
0
0
0
0
0
0
0
0
0
95
0
0
0
559
0
0
0
0
0
0
0
7
571
0
0
0
0
0
0
0
0
93
0
0
0
557
0
0
0
0
0
0
0
177
752
0
0
0
0
0
0
0
0
0
0
0
0
529
0
0
0
0
0
0
0
181
750
0
0
0
0
0
0
0
0
0
0
0
614
0
0
0
0
0
0
0
409
410
958
0
0
0
0
0
0
0
0
0
0
0
617
0
0
0
0
0
0
0
361
362
923
0
0
0
0
0
0
0
0
0
0
0
610
0
0
0
0
0
0
0
0
2
0
0
0
0
0
0
0
0
0
0
0
0
594
0
0
0
0
0
0
0
0
0
0
0
0
0
0
0
0
0
0
0
0
0
628
0
0
0
0
0
0
0
0
0
0
0
0
0
0
0
0
0
0
0
0
0
610
0
0
0
0
0
0
0
0
0
0
0
0
0
0
0
0
0
0
0
0
0
586
0
0
0
0
0
0
0
0
0
0
0
0
0
0
0
0
0
0
0
0
0
597
0
0
0
0
0
0
0
0
0
0
0
0
0
0
0
0
0
0
0
0
0
0
0
0
0
0
0
0
0
0
0
0
0
0
0
0
0
0
0
0
0
0
0
0
0
0
0
0
0
0
0
0
0
0
0
0
0
0
0
0
0
0
0
0
0
0
0
0
0
0
0
0
0
0
0
0
0
0
0
0
0
0
0
0
0
0
0
0
0
0
0
0
0
0
0
0
0
0
0
0
0
0
0
0
0
0
0
0
0
0
0
0
0
0
0
0
0
0
0
0
0
0
0
0
0
0
0
0
0
0
0
0
0
0
0
0
0
0
0
0
0
0
0
0
0
0
0
0
0
0
0
0
0
0
0
0
0
0
0
0
0
0
0
0
0
0
0
0
0
0
0
0
0
0
0
0
0
0
0
0
0
0
0
0
0
0
0
0
0
0
0
0
0
0
0
0
0
0
0
0
0
0
0
0
642
0
0
0
0
0
0
0
0
0
0
0
0
0
0
0
0
0
0
0
0
0
2343
0
0
0
0
0
0
0
0
0
0
0
0
0
0
0
0
0
0
0
0
0
0
0
0
0
0
0
0
0
0
0
0
0
0
0
0
0
0
0
0
0
0
869
0
0
0
0
0
0
0
0
0
0
0
0
0
0
0
0
0
0
0
0
156
1771
0
0
0
0
0
0
0
0
0
0
0
0
0
0
0
0
0
0
0
0
0
0
0
0
0
0
0
0
0
0
0
0
0
0
0
0
0
0
0
0
0
0
0
0
0
0
0
0
0
0
0
0
0
0
0
0
0
0
0
0
0
0
0
0
0
0
0
0
0
0
0
0
0
0
0
0
0
0
0
0
0
0
0
0
0
0
0
0
0
0
0
0
0
0
0
0
0
0
0
0
0
0
0
0
0
0
0
0
0
0
0
0
0
0
0
0
0
0
0
0
0
0
0
0
0
0
0
0
0
0
1004
2390
0
0
0
0
0
0
0
0
0
0
0
0
0
0
0
0
0
0
0
0
1865
0
0
0
0
0
0
0
0
0
0
0
0
0
0
0
0
0
0
0
0
0
1924
0
0
0
0
39
0
0
0
0
0
0
0
0
0
1
1
1
0
0
0
0
1586
0
0
0
0
73
0
0
0
0
0
0
0
0
0
2
2
2
0
0
0
1177
0
0
0
0
0
65
0
0
0
0
0
0
0
0
0
4
4
4
0
0
0
1169
0
0
0
0
0
1061
0
0
0
0
0
0
0
0
0
2
584
584
0
0
0
0
0
0
0
0
0
1106
0
0
0
0
0
0
0
0
0
5
729
729
0
0
908
0
0
0
0
0
0
1083
0
0
0
0
0
0
0
0
0
0
0
0
0
0
3326
0
0
0
0
0
0
1127
0
0
0
0
0
0
0
0
0
0
0
0
0
0
3263
0
0
0
0
0
0
0
0
0
0
0
0
0
0
0
0
7
0
0
0
0
3199
0
0
0
0
0
0
0
0
0
0
0
0
0
0
0
0
4
0
0
0
0
3228
0
0
0
0
0
642
0
0
0
0
0
0
0
0
0
0
5
0
0
0
2537
3931
0
0
0
0
550
0
0
0
0
0
0
0
0
0
0
0
0
0
0
0
2870
0
0
0
0
0
1084
0
0
0
0
0
0
0
0
0
0
0
0
0
0
0
3598
0
0
0
0
0
0
0
0
0
0
0
0
0
0
0
0
0
0
0
0
1196
3751
0
0
0
0
0
0
0
0
0
0
0
0
0
0
0
0
0
0
0
0
2130
3856
0
0
0
0
0
0
0
0
0
0
0
0
0
0
0
0
0
0
0
0
2152
3845
0
0
0
0
0
0
0
0
0
0
0
0
0
0
0
0
0
0
0
0
2605
3799
0
0
0
0
0
0
0
0
0
0
0
0
0
0
0
0
0
0
0
0
0
0
0
0
0
0
0
0
0
0
0
0
0
0
0
0
0
0
0
0
0
0
0
0
0
0
0
0
0
1055
0
0
0
0
0
0
0
0
0
0
0
0
0
0
0
0
0
0
0
0
0
543
0
0
0
0
0
0
0
0
0
0
0
0
0
0
0
0
0
0
0
0
0
517
0
0
0
0
0
0
0
0
0
0
0
0
0
0
0
0
0
0
0
0
457
0
0
0
0
0
0
0
0
0
0
0
0
0
0
2123
0
0
0
0
0
0
0
0
0
0
0
0
0
0
0
0
0
0
0
0
0
2173
0
0
0
0
0
0
0
0
0
0
0
0
0
0
0
0
0
0
0
0
0
2154
0
0
0
0
0
0
0
0
0
0
0
0
0
0
0
0
0
0
0
0
0
2088
0
0
0
0
0
0
0
0
0
0
0
0
0
0
0
0
0
0
0
0
0
2135
0
0
0
0
0
0
0
0
0
0
0
0
0
0
0
0
0
0
0
0
0
0
0
0
0
0
0
0
0
0
0
0
0
0
0
0
0
0
0
0
0
0
0
0
0
0
0
0
0
0
0
0
0
0
0
0
0
0
0
0
0
0
0
0
0
0
0
0
0
0
0
0
0
0
0
0
0
0
0
0
0
0
0
0
0
0
0
0
0
0
0
0
0
0
0
0
0
0
