0
0
539
0
0
0
0
0
0
0
0
1311
4095
2268
0
0
237
1
0
0
0
0
0
0
547
0
0
0
0
0
0
0
0
1308
4095
2324
0
3
31
0
0
0
0
0
0
0
546
0
0
0
0
0
0
0
0
4095
4095
1491
0
91
138
0
0
0
0
0
0
853
560
0
0
0
0
0
0
0
3
4095
4095
462
0
61
347
0
0
0
0
0
0
1427
595
0
0
0
0
0
0
0
11
4095
0
441
0
47
406
0
0
0
0
0
0
1377
537
0
0
0
0
0
0
0
18
4095
0
452
0
95
375
0
0
0
0
1
1696
1375
565
0
0
0
0
0
0
0
117
3432
545
469
0
71
214
0
0
0
0
0
1714
1369
572
0
0
0
0
0
0
21
176
0
561
470
102
61
0
0
0
0
3
1
1567
1422
0
0
0
0
0
0
0
79
114
126
572
429
252
0
0
0
0
0
8
405
1614
1368
0
0
0
0
0
0
30
102
0
609
593
453
10
0
0
0
0
0
4
496
1788
1406
170
0
0
0
0
0
64
733
0
657
559
457
202
0
0
0
0
0
7
564
1713
547
393
0
0
0
0
0
93
1324
605
600
557
447
223
0
0
0
0
0
177
575
1726
0
403
0
0
0
0
0
905
1191
562
575
529
478
191
0
0
0
0
0
181
569
1720
0
0
0
0
0
0
117
1222
1196
570
614
516
436
161
0
0
0
0
409
1
548
0
174
0
0
0
0
0
0
1206
1314
645
617
553
332
134
0
0
0
0
361
1
561
0
159
0
0
0
0
46
0
1253
1324
619
610
344
144
132
0
0
0
0
0
2
543
0
73
0
0
0
0
47
0
1291
1302
598
594
357
10
100
0
0
0
0
0
0
107
0
0
0
0
0
0
0
762
1232
0
628
628
473
6
0
0
0
0
1
0
0
0
0
0
0
0
0
0
0
1143
1264
0
603
610
284
7
0
0
0
0
21
0
0
0
0
0
0
0
0
50
0
1154
0
0
604
586
89
351
0
0
0
0
16
0
0
0
0
0
0
0
0
0
0
1158
0
0
634
597
45
534
0
0
0
39
17
0
0
0
0
0
0
0
0
0
0
213
0
0
553
227
33
209
0
0
0
89
0
0
0
0
0
0
0
0
0
0
0
0
0
0
316
0
0
0
0
0
0
84
0
0
0
0
0
0
0
0
0
0
0
0
0
0
408
0
1
0
0
0
0
61
0
0
0
0
0
0
0
0
30
0
0
0
0
0
204
0
0
0
0
0
0
0
0
0
0
0
0
0
0
0
0
0
0
0
0
0
0
0
0
0
0
0
0
0
0
0
0
0
0
0
0
0
0
0
0
0
0
0
0
0
0
0
0
0
0
0
0
0
0
0
0
0
0
0
0
0
0
0
0
0
0
0
0
0
0
0
0
0
0
803
0
0
0
0
0
0
0
0
0
0
0
0
0
0
0
0
0
0
0
0
0
1325
0
0
0
0
0
9
0
0
0
0
0
2
0
0
0
0
0
0
0
0
642
1325
0
0
0
0
0
17
0
0
0
0
82
37
0
0
0
0
0
0
0
0
2343
873
0
0
0
0
0
0
0
0
0
0
77
69
0
0
0
0
0
0
0
0
4095
879
0
0
0
0
0
0
0
0
0
0
48
0
0
0
0
0
0
0
0
869
2337
888
0
0
0
0
0
0
0
0
0
0
46
0
0
0
0
0
0
0
0
398
439
194
0
0
0
0
102
0
0
0
0
7
0
0
0
0
0
0
0
0
0
388
435
172
0
0
0
0
0
0
0
0
0
15
0
0
0
0
0
0
0
0
0
403
445
168
0
0
0
0
0
0
0
0
0
0
0
0
0
0
0
0
0
0
156
425
470
1406
0
0
0
54
0
0
0
0
0
0
0
0
0
0
0
0
0
0
323
506
584
1410
0
0
0
45
0
0
0
0
0
0
0
0
0
0
0
0
0
0
340
495
553
731
0
0
0
0
0
0
0
0
0
0
0
0
0
0
0
24
0
0
340
384
567
548
0
0
145
0
0
0
0
0
0
0
0
0
0
0
0
39
0
0
1865
2230
4095
1151
0
0
100
0
0
0
0
0
0
0
0
0
0
0
0
41
0
1204
1924
2171
1004
1142
0
39
401
301
0
0
0
0
0
0
0
1
0
0
40
12
0
1153
1586
2509
976
1177
0
73
78
372
0
0
0
0
0
0
0
2
0
0
103
0
0
1177
1344
4095
1018
735
0
65
358
379
0
0
0
0
0
0
0
4
0
0
114
0
0
1169
1284
4095
965
1645
168
1061
1141
368
0
0
0
0
0
0
0
2
581
0
74
0
0
1170
1362
4095
1020
2282
231
1106
1167
0
0
0
0
0
0
0
0
5
724
0
0
0
908
1150
1319
4095
2287
2626
520
1083
1163
0
0
0
0
0
0
0
0
2
0
0
0
0
3326
543
1344
4095
4095
2419
741
1127
727
0
0
0
0
0
0
0
1141
4
0
0
0
0
3263
340
1311
4095
4095
1141
761
1114
0
0
0
0
0
0
0
0
1790
1
0
0
0
0
3199
365
1379
4095
4095
0
660
1170
0
0
0
0
0
0
0
664
1873
4
0
0
0
0
3228
390
1368
4095
4095
104
642
897
0
0
0
0
0
0
0
1717
1871
5
0
0
0
2537
1393
164
1332
4095
0
550
639
0
0
0
0
0
0
0
0
1738
1855
0
0
0
0
2870
1225
398
1317
4095
0
554
596
0
0
0
0
0
0
0
852
1689
1813
0
0
0
0
3598
497
378
1363
3329
391
529
442
0
0
0
0
0
0
0
1372
1757
1862
0
0
0
1196
2555
344
368
1359
908
459
570
450
0
0
0
0
0
0
0
1405
1729
1857
0
0
0
2130
1725
239
349
1329
939
469
512
444
0
0
0
0
0
0
0
1391
1685
741
0
0
0
2152
1693
250
347
1388
420
445
543
453
0
0
0
0
0
0
0
1397
1712
0
0
0
1014
2605
1193
296
354
1357
418
444
552
455
0
0
0
0
0
0
0
1424
1057
0
0
0
1650
1431
2267
1027
350
1354
425
453
527
443
0
0
0
0
0
0
0
1417
0
0
0
0
2063
2032
2231
971
347
1148
414
450
528
422
0
0
0
0
0
0
0
1421
0
0
0
0
2153
1942
2272
976
380
264
444
450
543
337
0
38
0
0
0
0
0
558
0
0
0
0
1387
1293
2262
981
375
258
411
470
517
265
15
51
0
0
0
0
0
0
0
0
0
0
1415
4095
2266
1022
339
270
419
457
536
87
67
22
0
0
0
0
0
0
0
0
0
0
2123
1972
2309
993
369
268
418
478
226
0
64
0
0
0
0
0
0
402
0
0
0
0
2173
1922
2305
967
382
268
462
469
0
0
26
0
0
0
0
0
0
407
0
0
0
0
2154
1941
2309
1005
0
267
102
395
0
0
9
0
0
0
0
0
0
171
0
0
0
0
2088
2007
2292
1012
0
275
140
0
0
44
0
0
0
0
0
0
0
0
0
0
0
0
2135
1960
2332
1000
0
271
317
0
0
44
0
0
0
0
0
0
15
0
0
0
0
0
2800
4095
2233
1021
0
274
207
0
0
0
0
0
0
0
0
0
17
0
0
0
0
0
1269
4095
2309
996
0
277
162
0
0
0
0
0
0
0
0
0
0
0
0
0
0
0
1298
4095
2283
452
0
269
57
0
0
0
0
0
0
0
0
0
0
0
0
0
0
0
1293
4095
2207
0
0
102
25
0
0
0
0
